 KOMONDOR SIMULATION 'sim_input_nodes_sce1a_deployment_00.csv' (seed 1992)
{163.20,3.15,9.29,6.22,16.05,13.98,13.52,18.05,16.05,12.21,17.05,4.15,19.51,13.98,104.29,1.61,17.82,16.59,4.99,0.15,9.45,7.14,11.90,16.36,4.99,7.14,6.14,164.81,22.12,12.29,1.00,20.28,3.38,15.90,12.52,17.59,9.14,17.13,14.28,19.20,195.53,23.12,10.21,9.83,20.20,15.97,18.89,19.28,19.28,20.20,2.30,0.92,7.68,8.29,19.35,97.77,7.99,2.38,15.05,0.08,18.20,1.15,1.08,9.75,1.31,14.52,18.66,7.60,63.59,3.15,0.08,8.76,0.00,0.46,7.30,6.84,9.29,1.08,1.77,4.15,1.38,8.06,7.68,0.23,0.23,1.46,1.69,43.47,1.00,7.99,0.23,0.00,8.29,0.00,0.08,5.45,1.77,1.15,1.15,0.23,0.77,1.92,0.31,4.30,6.22,1.23,0.84,0.54,39.40,0.84,0.92,0.92,3.69,0.61,12.83,0.15,0.84,1.46,1.15,1.38,0.00,3.84,1.00,7.37,2.38,184.63,1.92,13.44,10.44,16.05,11.83,2.46,8.91,10.98,14.36,2.30,3.53,0.69,12.75,14.59,14.75,11.67,11.06,12.06,10.83,89.55,10.98,2.15,15.82,2.76,2.38,15.51,4.92,6.30,16.82,6.53,2.69,2.07,0.00,0.31,0.31,135.48,14.36,2.07,2.76,14.36,2.15,13.59,23.65,17.20,13.90,9.06,22.35,162.36,13.21,14.21,15.36,19.81,2.46,3.61,12.90,8.14,2.07,5.61,17.13,12.06,15.97,19.81}
{1.46,5.06,6.98,2.61,3.10,3.05,1.25,0.07,4.15,3.13,3.60,1.78}
{Inf,-66.97,-65.32,-65.09,-59.80,-67.59,-69.96,-64.37,-60.56,-63.49,-65.41,-68.99,-60.60,-69.80,Inf,-66.76,-61.85,-59.16,-66.59,-70.55,-64.66,-69.98,-60.06,-60.28,-66.14,-65.67,-69.05,Inf,-48.73,-64.67,-69.23,-57.95,-68.82,-63.50,-64.71,-59.77,-68.35,-61.80,-64.59,-58.51,Inf,-64.90,-65.18,-68.12,-57.91,-61.86,-68.36,-61.48,-61.10,-61.24,-69.85,-69.93,-65.74,-65.37,-66.48,Inf,-66.90,-69.71,-60.51,-71.10,-58.45,-69.77,-68.79,-66.02,-71.00,-64.36,-52.70,-67.20,Inf,-65.11,-71.22,-55.45,-70.81,-68.60,-57.75,-59.33,-55.18,-68.24,-66.11,-63.43,-68.54,-56.64,-56.51,-68.33,-68.53,-65.75,-66.31,Inf,-69.28,-61.05,-70.16,-70.75,-56.94,-70.93,-71.19,-60.05,-66.83,-66.65,-67.39,-70.39,-70.02,-66.81,-69.87,-64.83,-58.31,-68.62,-67.47,-68.00,Inf,-70.14,-69.56,-69.69,-70.94,-71.24,-53.11,-71.24,-70.12,-71.07,-71.08,-67.01,-70.71,-66.95,-68.66,-68.92,-70.09,Inf,-68.58,-65.97,-63.58,-46.21,-63.55,-68.85,-64.61,-71.39,-63.37,-68.23,-65.83,-71.06,-61.28,-57.13,-59.71,-64.28,-63.63,-60.41,-69.04,Inf,-66.82,-68.45,-52.92,-69.22,-67.32,-54.42,-65.65,-69.55,-47.74,-66.00,-69.41,-68.92,-71.21,-70.71,-70.74,Inf,-63.51,-69.93,-69.61,-61.56,-70.97,-63.62,-48.88,-65.08,-62.68,-66.40,-56.83,Inf,-70.43,-65.97,-63.49,-64.31,-70.38,-68.39,-67.04,-68.57,-70.71,-66.93,-65.57,-61.65,-59.20,-57.35}
{Inf,-85.36,-106.97,-126.00,-85.36,-94.85,-111.61,-128.97,-106.97,-111.61,-122.83,-136.98;
-85.36,Inf,-85.36,-106.97,-94.85,-85.36,-94.85,-111.61,-111.61,-106.97,-111.61,-122.83;
-106.97,-85.36,Inf,-85.36,-111.61,-94.85,-85.36,-94.85,-122.83,-111.61,-106.97,-111.61;
-126.00,-106.97,-85.36,Inf,-128.97,-111.61,-94.85,-85.36,-136.98,-122.83,-111.61,-106.97;
-85.36,-94.85,-111.61,-128.97,Inf,-85.36,-106.97,-126.00,-85.36,-94.85,-111.61,-128.97;
-94.85,-85.36,-94.85,-111.61,-85.36,Inf,-85.36,-106.97,-94.85,-85.36,-94.85,-111.61;
-111.61,-94.85,-85.36,-94.85,-106.97,-85.36,Inf,-85.36,-111.61,-94.85,-85.36,-94.85;
-128.97,-111.61,-94.85,-85.36,-126.00,-106.97,-85.36,Inf,-128.97,-111.61,-94.85,-85.36;
-106.97,-111.61,-122.83,-136.98,-85.36,-94.85,-111.61,-128.97,Inf,-85.36,-106.97,-126.00;
-111.61,-106.97,-111.61,-122.83,-94.85,-85.36,-94.85,-111.61,-85.36,Inf,-85.36,-106.97;
-122.83,-111.61,-106.97,-111.61,-111.61,-94.85,-85.36,-94.85,-106.97,-85.36,Inf,-85.36;
-136.98,-122.83,-111.61,-106.97,-128.97,-111.61,-94.85,-85.36,-126.00,-106.97,-85.36,Inf}
 KOMONDOR SIMULATION 'sim_input_nodes_sce1a_deployment_01.csv' (seed 1992)
{167.42,1.38,16.28,2.92,1.15,2.46,11.44,1.84,15.36,10.83,2.84,13.06,15.05,14.59,11.75,9.29,14.13,15.97,2.53,4.53,89.93,0.54,0.46,0.61,9.14,4.53,11.29,9.14,11.29,4.84,2.69,3.00,6.84,4.53,12.36,8.68,89.32,2.30,0.54,12.29,14.52,12.44,2.07,1.46,15.97,2.76,20.28,2.61,2.07,196.45,12.98,20.04,9.22,19.89,2.53,11.60,16.05,12.29,1.84,14.36,11.44,15.51,15.21,14.52,18.97,109.06,13.67,0.31,1.08,12.60,15.74,8.83,0.92,3.69,0.31,0.46,7.37,13.59,3.00,13.75,13.44,0.31,83.48,9.68,1.31,8.37,8.68,1.23,8.37,11.44,8.45,5.38,0.08,3.30,10.68,6.30,0.23,47.23,9.91,4.07,8.91,3.30,2.69,1.54,0.54,0.08,10.06,1.84,0.77,3.53,104.14,3.92,7.30,1.69,1.77,16.51,11.06,1.15,16.51,8.91,10.21,1.46,7.07,16.59,145.08,2.15,1.38,3.23,0.31,14.82,11.37,13.90,16.82,3.07,10.29,10.91,13.82,16.36,17.74,8.91,110.90,10.91,2.30,6.30,14.98,12.36,13.90,1.08,1.54,14.44,0.61,10.98,14.98,0.38,0.23,5.91,69.50,10.37,2.46,1.61,6.68,0.77,2.69,1.23,3.84,2.46,1.38,1.08,2.76,11.60,2.30,4.99,0.08,0.08,5.15,6.37,1.61,154.21,9.75,18.12,16.44,11.14,1.00,20.51,10.91,1.08,17.89,1.00,15.28,12.06,2.46,13.90,2.69}
{1.67,4.98,1.89,2.96,3.74,1.82,0.36,3.95,3.65,1.67,1.84,2.82}
{Inf,-68.08,-50.23,-66.94,-68.77,-71.25,-64.69,-69.29,-57.26,-61.69,-69.83,-58.74,-63.36,-62.90,-66.01,-69.61,-62.09,-64.15,-70.58,-66.38,Inf,-70.49,-70.71,-70.64,-64.52,-71.43,-59.00,-64.61,-61.81,-65.37,-69.32,-69.03,-66.81,-66.83,-61.36,-64.23,Inf,-68.08,-70.79,-64.26,-62.24,-64.28,-69.14,-69.33,-60.79,-68.13,-54.90,-69.37,-68.66,Inf,-63.84,-53.05,-67.19,-66.36,-68.72,-66.46,-69.57,-69.89,-68.91,-63.00,-63.88,-59.25,-70.73,-63.42,-56.84,Inf,-53.27,-71.35,-70.23,-57.01,-52.08,-65.66,-69.85,-66.67,-70.68,-70.20,-64.44,-59.97,-70.61,-55.26,-59.86,-71.38,Inf,-60.31,-67.37,-61.39,-62.00,-69.12,-62.78,-58.48,-63.59,-65.58,-70.30,-66.60,-58.41,-64.84,-71.36,Inf,-62.95,-65.85,-63.98,-67.69,-67.47,-68.74,-69.27,-71.06,-62.88,-67.77,-70.36,-66.34,Inf,-67.24,-64.66,-66.63,-67.03,-57.49,-65.43,-70.31,-49.70,-68.33,-66.83,-70.73,-65.25,-63.27,Inf,-67.40,-70.85,-67.94,-70.61,-58.12,-63.53,-66.43,-62.15,-70.31,-71.00,-69.54,-62.20,-68.74,-55.32,-69.32,Inf,-66.70,-69.22,-65.36,-57.75,-60.23,-60.36,-70.78,-67.64,-64.66,-68.41,-65.80,-58.19,-70.63,-70.91,-66.20,Inf,-57.80,-66.41,-71.10,-63.25,-70.94,-68.13,-68.07,-67.51,-67.04,-71.24,-70.84,-67.67,-49.87,-70.16,-63.97,-71.33,-71.45,-66.08,-62.40,-67.75,Inf,-64.92,-63.89,-55.17,-63.02,-69.72,-56.89,-63.21,-70.37,-45.03,-70.97,-68.97,-68.72,-68.65,-59.17,-70.81}
{Inf,-85.36,-106.97,-126.00,-85.36,-94.85,-111.61,-128.97,-106.97,-111.61,-122.83,-136.98;
-85.36,Inf,-85.36,-106.97,-94.85,-85.36,-94.85,-111.61,-111.61,-106.97,-111.61,-122.83;
-106.97,-85.36,Inf,-85.36,-111.61,-94.85,-85.36,-94.85,-122.83,-111.61,-106.97,-111.61;
-126.00,-106.97,-85.36,Inf,-128.97,-111.61,-94.85,-85.36,-136.98,-122.83,-111.61,-106.97;
-85.36,-94.85,-111.61,-128.97,Inf,-85.36,-106.97,-126.00,-85.36,-94.85,-111.61,-128.97;
-94.85,-85.36,-94.85,-111.61,-85.36,Inf,-85.36,-106.97,-94.85,-85.36,-94.85,-111.61;
-111.61,-94.85,-85.36,-94.85,-106.97,-85.36,Inf,-85.36,-111.61,-94.85,-85.36,-94.85;
-128.97,-111.61,-94.85,-85.36,-126.00,-106.97,-85.36,Inf,-128.97,-111.61,-94.85,-85.36;
-106.97,-111.61,-122.83,-136.98,-85.36,-94.85,-111.61,-128.97,Inf,-85.36,-106.97,-126.00;
-111.61,-106.97,-111.61,-122.83,-94.85,-85.36,-94.85,-111.61,-85.36,Inf,-85.36,-106.97;
-122.83,-111.61,-106.97,-111.61,-111.61,-94.85,-85.36,-94.85,-106.97,-85.36,Inf,-85.36;
-136.98,-122.83,-111.61,-106.97,-128.97,-111.61,-94.85,-85.36,-126.00,-106.97,-85.36,Inf}
 KOMONDOR SIMULATION 'sim_input_nodes_sce1a_deployment_02.csv' (seed 1992)
{125.26,21.96,24.27,1.08,4.68,6.53,15.90,26.57,19.20,1.69,3.38,106.06,0.54,16.97,0.38,3.15,16.97,11.06,6.22,9.22,2.46,11.90,7.45,16.05,3.69,93.16,1.61,2.07,8.60,9.52,15.51,5.15,4.15,1.23,10.44,0.84,5.99,0.92,8.29,2.84,15.97,115.51,6.45,0.38,1.69,8.29,7.45,8.99,11.06,3.23,2.30,10.60,1.92,0.15,1.31,7.14,0.08,1.61,9.45,9.45,11.44,12.52,147.69,1.38,1.92,19.74,7.99,22.12,18.97,1.00,18.36,0.38,17.43,19.20,17.20,2.00,62.82,11.21,7.68,0.92,2.53,4.38,9.37,3.99,0.69,4.68,1.92,9.91,2.23,0.46,0.15,2.69,73.96,0.77,9.29,3.07,2.30,2.00,10.75,9.91,12.75,2.30,8.60,10.75,1.46,113.51,0.84,9.60,13.44,11.44,0.61,11.83,0.23,10.91,0.31,1.08,1.31,11.90,1.69,0.38,0.69,13.67,13.44,10.14,196.45,18.20,13.52,17.28,5.61,17.51,16.90,10.21,17.36,8.45,0.54,18.20,2.92,10.60,13.13,8.06,7.83,10.14,152.60,8.29,11.44,8.60,16.13,5.07,0.61,11.83,16.20,7.68,12.60,6.76,15.51,7.37,10.37,3.00,1.23,8.60,1.31,125.95,4.30,0.69,0.31,0.77,11.37,2.53,9.45,2.76,13.75,16.05,10.06,15.82,10.68,4.38,5.91,14.90,2.23,145.00,2.38,12.06,1.92,0.31,11.14,2.30,11.29,6.76,2.38,14.59,2.69,13.82,7.68,10.98,12.67,8.99,14.67,8.37}
{3.25,2.45,2.24,2.07,1.29,2.69,1.36,3.43,3.85,2.46,6.36,3.31}
{Inf,-58.71,-64.67,-70.91,-68.92,-66.45,-70.95,-60.46,-60.26,-69.27,-70.67,Inf,-71.43,-55.08,-70.85,-69.49,-56.56,-69.81,-65.03,-65.32,-66.66,-64.53,-65.29,-66.28,-68.59,Inf,-70.16,-69.75,-64.64,-68.38,-58.09,-68.61,-65.60,-70.51,-66.74,-68.93,-65.95,-68.36,-67.87,-68.86,-54.46,Inf,-66.23,-70.58,-71.08,-70.41,-70.75,-68.77,-55.31,-67.40,-69.37,-61.31,-70.05,-70.09,-69.01,-69.11,-70.84,-66.96,-63.47,-67.81,-52.62,-65.79,Inf,-71.39,-66.75,-54.07,-67.34,-48.27,-60.30,-70.01,-56.85,-71.20,-64.54,-58.28,-61.67,-69.12,Inf,-59.51,-62.89,-69.78,-67.21,-65.42,-57.44,-66.72,-69.47,-65.11,-68.55,-60.37,-67.66,-70.51,-71.02,-67.96,Inf,-68.69,-64.83,-67.01,-68.80,-68.26,-61.46,-62.92,-58.52,-69.67,-64.01,-64.23,-69.30,Inf,-69.91,-69.62,-54.21,-62.03,-70.05,-59.36,-70.30,-61.88,-69.70,-68.86,-68.11,-62.31,-66.31,-70.55,-69.78,-55.75,-64.25,-63.47,Inf,-66.55,-62.74,-51.69,-65.03,-57.10,-51.52,-70.48,-60.34,-65.69,-71.25,-54.11,-67.14,-70.56,-64.93,-63.74,-70.29,-70.24,Inf,-66.65,-67.29,-62.46,-56.04,-69.97,-69.04,-61.24,-55.54,-65.81,-59.75,-66.89,-59.51,-69.24,-62.97,-68.72,-66.96,-63.49,-67.46,Inf,-67.02,-69.84,-70.17,-71.17,-63.63,-66.90,-62.53,-70.35,-56.54,-56.69,-63.74,-52.87,-62.46,-65.45,-64.84,-58.04,-67.04,Inf,-66.60,-60.01,-71.19,-70.98,-62.05,-69.30,-58.51,-68.68,-70.24,-56.98,-67.27,-59.84,-64.20,-66.44,-67.44,-68.76,-62.32,-68.77}
{Inf,-85.36,-106.97,-126.00,-85.36,-94.85,-111.61,-128.97,-106.97,-111.61,-122.83,-136.98;
-85.36,Inf,-85.36,-106.97,-94.85,-85.36,-94.85,-111.61,-111.61,-106.97,-111.61,-122.83;
-106.97,-85.36,Inf,-85.36,-111.61,-94.85,-85.36,-94.85,-122.83,-111.61,-106.97,-111.61;
-126.00,-106.97,-85.36,Inf,-128.97,-111.61,-94.85,-85.36,-136.98,-122.83,-111.61,-106.97;
-85.36,-94.85,-111.61,-128.97,Inf,-85.36,-106.97,-126.00,-85.36,-94.85,-111.61,-128.97;
-94.85,-85.36,-94.85,-111.61,-85.36,Inf,-85.36,-106.97,-94.85,-85.36,-94.85,-111.61;
-111.61,-94.85,-85.36,-94.85,-106.97,-85.36,Inf,-85.36,-111.61,-94.85,-85.36,-94.85;
-128.97,-111.61,-94.85,-85.36,-126.00,-106.97,-85.36,Inf,-128.97,-111.61,-94.85,-85.36;
-106.97,-111.61,-122.83,-136.98,-85.36,-94.85,-111.61,-128.97,Inf,-85.36,-106.97,-126.00;
-111.61,-106.97,-111.61,-122.83,-94.85,-85.36,-94.85,-111.61,-85.36,Inf,-85.36,-106.97;
-122.83,-111.61,-106.97,-111.61,-111.61,-94.85,-85.36,-94.85,-106.97,-85.36,Inf,-85.36;
-136.98,-122.83,-111.61,-106.97,-128.97,-111.61,-94.85,-85.36,-126.00,-106.97,-85.36,Inf}
 KOMONDOR SIMULATION 'sim_input_nodes_sce1a_deployment_03.csv' (seed 1992)
{190.39,13.29,16.05,16.20,14.13,2.92,15.90,16.51,18.59,2.61,8.60,17.59,1.00,4.99,10.75,14.05,17.20,88.93,12.13,5.22,12.52,1.00,2.07,5.38,14.52,2.07,0.54,13.13,0.15,2.61,0.84,2.61,13.36,0.77,143.46,10.21,1.23,17.51,7.91,10.14,17.89,9.75,5.22,18.82,13.67,5.76,8.76,16.59,127.18,10.21,15.21,2.00,2.38,0.38,12.44,11.37,12.21,1.61,9.52,7.99,3.92,8.29,0.46,6.37,11.67,1.23,9.91,119.73,0.38,0.08,16.05,16.36,18.05,1.92,15.90,20.04,1.84,17.36,10.91,0.84,98.30,18.36,0.69,17.05,3.46,4.99,7.22,11.29,17.20,17.51,0.54,42.85,5.99,7.53,10.44,0.23,2.07,3.53,10.83,0.31,1.77,0.15,113.82,7.14,0.54,12.60,13.59,20.35,20.97,10.29,17.59,0.23,10.52,121.11,7.07,6.91,8.91,11.21,13.44,6.60,5.38,9.29,8.29,10.60,6.84,0.77,1.31,2.53,11.75,5.15,1.69,1.46,1.84,0.08,126.95,2.38,14.36,11.75,11.98,9.29,0.23,3.23,0.61,2.69,3.76,12.44,1.54,15.51,0.15,12.29,5.30,9.68,9.75,152.60,10.83,18.89,7.91,5.22,18.89,19.89,15.90,11.29,10.75,1.46,17.28,2.23,10.75,1.31,175.64,18.12,11.21,2.30,18.74,7.45,10.29,0.77,20.51,12.75,17.66,12.67,17.28,10.83,15.05}
{1.62,2.80,4.55,2.43,2.77,4.74,0.36,1.19,1.17,2.88,3.45,1.43}
{Inf,-70.97,-70.42,-69.58,-70.08,-66.94,-58.40,-59.85,-61.85,-69.16,-65.75,-59.07,-69.91,-66.21,-64.37,-68.24,-59.28,Inf,-61.34,-69.84,-55.46,-70.06,-66.63,-66.92,-53.35,-69.18,-70.90,-57.74,-71.07,-67.57,-70.67,-69.94,-60.53,-70.80,Inf,-68.85,-69.09,-60.03,-66.31,-68.33,-61.12,-68.55,-67.01,-62.18,-62.49,-65.86,-66.97,-59.13,Inf,-67.07,-58.29,-67.70,-68.56,-70.19,-61.40,-62.22,-58.64,-68.26,-66.57,-63.75,-70.68,-71.20,-70.23,-68.35,-64.61,-70.41,-71.27,Inf,-70.16,-70.04,-62.75,-60.35,-53.45,-69.37,-66.43,-53.31,-71.28,-59.80,-69.73,-70.03,Inf,-54.98,-70.46,-62.05,-68.55,-67.35,-65.52,-65.32,-55.83,-61.17,-70.23,Inf,-65.53,-63.57,-60.52,-71.02,-66.85,-66.17,-60.90,-70.26,-69.04,-71.02,Inf,-67.69,-70.76,-69.97,-63.48,-66.89,-55.83,-70.38,-68.63,-70.79,-70.49,Inf,-70.49,-65.07,-66.91,-57.39,-63.25,-66.48,-70.76,-69.25,-70.30,-64.12,-68.71,-70.28,-69.57,-67.97,-66.85,-71.35,-67.41,-69.41,-68.81,-70.57,Inf,-65.86,-59.64,-66.25,-64.47,-65.08,-69.59,-69.65,-69.20,-69.67,-66.38,-54.51,-67.27,-51.03,-71.24,-65.85,-66.26,-63.42,-63.06,Inf,-65.63,-55.78,-69.09,-69.38,-53.94,-45.72,-62.12,-62.22,-66.76,-70.44,-59.38,-69.56,-64.39,-68.60,Inf,-59.18,-67.35,-66.30,-63.38,-70.71,-67.81,-71.12,-56.56,-61.66,-67.33,-68.58,-63.99,-71.16,-68.08}
{Inf,-85.36,-106.97,-126.00,-85.36,-94.85,-111.61,-128.97,-106.97,-111.61,-122.83,-136.98;
-85.36,Inf,-85.36,-106.97,-94.85,-85.36,-94.85,-111.61,-111.61,-106.97,-111.61,-122.83;
-106.97,-85.36,Inf,-85.36,-111.61,-94.85,-85.36,-94.85,-122.83,-111.61,-106.97,-111.61;
-126.00,-106.97,-85.36,Inf,-128.97,-111.61,-94.85,-85.36,-136.98,-122.83,-111.61,-106.97;
-85.36,-94.85,-111.61,-128.97,Inf,-85.36,-106.97,-126.00,-85.36,-94.85,-111.61,-128.97;
-94.85,-85.36,-94.85,-111.61,-85.36,Inf,-85.36,-106.97,-94.85,-85.36,-94.85,-111.61;
-111.61,-94.85,-85.36,-94.85,-106.97,-85.36,Inf,-85.36,-111.61,-94.85,-85.36,-94.85;
-128.97,-111.61,-94.85,-85.36,-126.00,-106.97,-85.36,Inf,-128.97,-111.61,-94.85,-85.36;
-106.97,-111.61,-122.83,-136.98,-85.36,-94.85,-111.61,-128.97,Inf,-85.36,-106.97,-126.00;
-111.61,-106.97,-111.61,-122.83,-94.85,-85.36,-94.85,-111.61,-85.36,Inf,-85.36,-106.97;
-122.83,-111.61,-106.97,-111.61,-111.61,-94.85,-85.36,-94.85,-106.97,-85.36,Inf,-85.36;
-136.98,-122.83,-111.61,-106.97,-128.97,-111.61,-94.85,-85.36,-126.00,-106.97,-85.36,Inf}
 KOMONDOR SIMULATION 'sim_input_nodes_sce1a_deployment_04.csv' (seed 1992)
{158.28,16.51,11.75,18.12,15.74,1.69,2.15,18.43,3.76,12.52,9.37,13.29,12.98,19.05,1.69,1.23,102.45,1.77,12.75,16.28,7.53,4.84,3.84,7.99,0.69,13.06,2.15,5.07,14.05,12.44,174.11,17.97,9.52,5.38,19.05,6.14,19.35,20.12,24.58,0.69,1.92,22.66,17.97,8.76,218.96,8.52,8.06,16.44,16.05,12.83,10.83,15.21,12.52,16.74,15.90,12.29,4.84,15.05,18.66,17.28,17.74,72.58,1.61,7.53,4.38,13.98,1.46,1.54,8.22,11.90,1.84,0.08,20.04,83.56,4.45,0.15,7.91,0.69,5.91,2.30,9.83,0.31,4.38,7.68,8.76,1.31,0.54,7.14,9.22,2.46,1.08,9.45,45.77,1.38,9.98,2.38,11.52,12.13,0.23,4.99,1.77,0.31,0.08,0.00,1.00,111.67,2.76,18.36,14.52,0.77,2.15,2.84,6.60,0.46,18.66,18.28,6.53,19.74,105.37,13.06,1.77,14.28,11.21,0.46,7.76,2.46,1.46,1.23,11.29,1.00,1.84,6.60,14.82,0.31,8.68,7.14,180.40,20.20,3.46,18.66,17.74,2.15,9.91,18.28,19.97,8.45,21.04,10.91,10.68,4.15,14.82,104.60,3.15,20.89,2.46,22.96,2.53,21.35,0.54,8.60,21.66,0.46,179.17,30.95,17.59,29.11,12.13,11.21,16.44,17.82,2.07,28.72,13.13}
{1.90,4.12,5.37,6.40,1.00,5.18,0.91,2.60,2.42,3.27,2.57,4.25}
{Inf,-60.30,-61.27,-68.19,-68.20,-69.62,-68.86,-52.57,-66.56,-62.87,-67.04,-62.43,-69.27,-64.56,-71.11,-71.41,Inf,-70.72,-59.84,-56.45,-69.19,-67.27,-67.33,-65.62,-71.00,-62.40,-69.21,-66.78,-61.89,-61.11,Inf,-62.85,-67.66,-67.75,-57.75,-66.41,-59.70,-63.25,-50.95,-70.76,-66.49,-49.91,-61.59,-65.80,Inf,-64.27,-68.10,-61.22,-58.68,-71.24,-70.24,-67.89,-68.17,-56.52,-67.59,-66.13,-71.03,-62.57,-61.45,-64.50,-58.35,Inf,-69.58,-66.17,-71.34,-66.92,-71.13,-68.26,-65.15,-63.94,-68.97,-71.16,-57.78,Inf,-65.30,-71.01,-56.06,-69.02,-60.92,-66.43,-52.26,-70.55,-65.22,-56.46,-50.93,-67.15,-70.15,-62.69,-57.39,-65.39,-69.33,-58.16,Inf,-68.98,-62.69,-66.52,-58.47,-54.75,-70.53,-65.61,-68.45,-69.96,-71.27,-71.08,-69.05,Inf,-66.94,-59.31,-62.57,-71.43,-66.60,-67.05,-69.70,-70.52,-60.83,-60.02,-68.52,-56.15,Inf,-56.89,-67.57,-56.77,-67.04,-71.26,-71.02,-67.04,-71.42,-69.44,-69.75,-68.80,-70.46,-68.81,-63.11,-70.20,-71.46,-70.71,Inf,-50.64,-69.06,-58.40,-65.06,-70.09,-67.38,-60.66,-54.94,-65.84,-51.73,-64.99,-64.89,-68.85,-65.81,Inf,-68.09,-51.87,-66.30,-60.81,-68.77,-60.52,-70.20,-64.38,-60.50,-70.79,Inf,-51.56,-66.61,-60.70,-69.75,-67.12,-69.73,-71.16,-69.19,-54.63,-64.88}
{Inf,-85.36,-106.97,-126.00,-85.36,-94.85,-111.61,-128.97,-106.97,-111.61,-122.83,-136.98;
-85.36,Inf,-85.36,-106.97,-94.85,-85.36,-94.85,-111.61,-111.61,-106.97,-111.61,-122.83;
-106.97,-85.36,Inf,-85.36,-111.61,-94.85,-85.36,-94.85,-122.83,-111.61,-106.97,-111.61;
-126.00,-106.97,-85.36,Inf,-128.97,-111.61,-94.85,-85.36,-136.98,-122.83,-111.61,-106.97;
-85.36,-94.85,-111.61,-128.97,Inf,-85.36,-106.97,-126.00,-85.36,-94.85,-111.61,-128.97;
-94.85,-85.36,-94.85,-111.61,-85.36,Inf,-85.36,-106.97,-94.85,-85.36,-94.85,-111.61;
-111.61,-94.85,-85.36,-94.85,-106.97,-85.36,Inf,-85.36,-111.61,-94.85,-85.36,-94.85;
-128.97,-111.61,-94.85,-85.36,-126.00,-106.97,-85.36,Inf,-128.97,-111.61,-94.85,-85.36;
-106.97,-111.61,-122.83,-136.98,-85.36,-94.85,-111.61,-128.97,Inf,-85.36,-106.97,-126.00;
-111.61,-106.97,-111.61,-122.83,-94.85,-85.36,-94.85,-111.61,-85.36,Inf,-85.36,-106.97;
-122.83,-111.61,-106.97,-111.61,-111.61,-94.85,-85.36,-94.85,-106.97,-85.36,Inf,-85.36;
-136.98,-122.83,-111.61,-106.97,-128.97,-111.61,-94.85,-85.36,-126.00,-106.97,-85.36,Inf}
 KOMONDOR SIMULATION 'sim_input_nodes_sce1a_deployment_05.csv' (seed 1992)
{130.33,10.68,4.38,10.37,2.07,7.83,13.29,1.54,10.44,2.69,5.99,5.45,7.76,2.84,7.76,1.15,0.92,14.28,12.83,8.06,125.64,1.38,13.44,9.75,12.98,3.84,2.84,13.98,3.30,9.83,11.29,0.69,15.97,10.98,1.77,13.59,106.21,5.53,9.14,19.81,2.46,1.00,5.30,15.05,3.00,18.51,5.15,19.12,1.69,0.46,212.81,3.61,16.05,19.97,3.69,14.75,11.44,14.75,14.75,11.90,19.74,19.81,18.51,10.29,19.51,14.05,116.81,9.91,10.60,3.00,12.83,4.45,0.15,5.22,1.23,11.60,11.06,2.07,1.00,1.00,1.69,11.90,10.91,9.91,8.29,67.58,5.53,0.31,1.31,10.06,0.92,0.08,5.15,1.38,8.99,5.15,6.68,0.54,8.52,0.69,2.07,8.91,1.31,48.77,1.15,10.91,0.31,1.84,8.99,12.98,0.23,0.15,2.76,9.45,117.58,11.21,2.46,9.29,12.21,1.23,9.83,8.29,3.53,4.38,13.67,6.37,7.07,7.68,0.92,4.99,0.00,8.22,6.22,157.59,1.31,7.30,9.37,9.37,7.83,9.68,11.83,2.38,1.23,0.54,7.22,1.69,13.82,11.83,12.83,10.06,11.75,15.82,11.75,146.76,2.76,8.45,4.76,14.13,14.21,5.15,3.00,14.36,1.54,0.46,15.44,16.36,5.76,8.14,8.14,13.82,10.29,143.39,23.35,7.91,20.81,17.43,7.22,21.35,1.15,4.99,18.05,1.23,3.99,15.90,175.18,18.43,16.59,19.12,2.15,13.90,17.36,15.97,10.83,2.69,3.00,15.82,20.74,18.20,0.38}
{1.48,3.20,3.38,4.67,3.40,1.36,0.69,2.07,4.14,2.67,3.98,4.02}
{Inf,-62.19,-66.59,-70.86,-67.83,-69.91,-53.03,-71.02,-70.39,-71.34,-64.69,-69.44,-70.09,-66.53,-69.56,-68.55,-68.57,-56.33,-60.31,-62.30,Inf,-70.88,-57.92,-63.96,-59.39,-67.46,-67.27,-55.79,-66.71,-66.62,-64.47,-70.66,-54.45,-65.65,-71.38,-60.48,Inf,-66.30,-65.52,-54.38,-69.28,-71.44,-66.09,-62.48,-68.09,-51.29,-69.89,-61.68,-68.57,-71.22,Inf,-65.92,-68.07,-59.14,-66.52,-69.10,-71.26,-62.71,-68.44,-65.03,-50.51,-66.46,-56.28,-64.10,-57.21,-62.46,Inf,-61.45,-61.01,-66.94,-54.88,-65.84,-70.86,-65.01,-69.64,-63.76,-62.23,-68.05,-71.34,-71.39,-69.67,-60.87,-60.62,-64.18,-64.69,Inf,-64.17,-70.36,-67.33,-52.74,-70.00,-70.26,-64.39,-67.82,-61.21,-64.23,-64.97,-70.08,-60.48,-69.12,-67.52,-53.54,-69.37,Inf,-69.76,-63.84,-70.83,-69.14,-64.15,-56.70,-71.21,-71.22,-66.29,-65.45,Inf,-61.37,-69.46,-65.42,-55.36,-68.06,-61.07,-63.97,-65.93,-65.27,-60.96,-69.76,-64.38,-65.38,-71.01,-66.84,-71.03,-62.59,-70.63,Inf,-69.75,-70.99,-68.64,-62.99,-67.76,-62.87,-59.61,-69.13,-69.54,-70.03,-70.77,-70.36,-63.30,-69.31,-64.64,-61.06,-65.51,-59.84,-62.77,Inf,-67.51,-64.98,-68.78,-56.19,-58.68,-68.80,-70.02,-57.83,-70.57,-70.78,-56.79,-60.79,-69.46,-65.73,-67.35,-64.53,-65.76,Inf,-57.10,-69.92,-63.13,-61.42,-66.78,-62.74,-70.85,-67.92,-61.46,-68.07,-68.48,-59.24,Inf,-58.50,-63.59,-50.86,-68.06,-65.64,-65.67,-62.88,-71.40,-71.40,-71.32,-63.85,-54.22,-66.36,-70.52}
{Inf,-85.36,-106.97,-126.00,-85.36,-94.85,-111.61,-128.97,-106.97,-111.61,-122.83,-136.98;
-85.36,Inf,-85.36,-106.97,-94.85,-85.36,-94.85,-111.61,-111.61,-106.97,-111.61,-122.83;
-106.97,-85.36,Inf,-85.36,-111.61,-94.85,-85.36,-94.85,-122.83,-111.61,-106.97,-111.61;
-126.00,-106.97,-85.36,Inf,-128.97,-111.61,-94.85,-85.36,-136.98,-122.83,-111.61,-106.97;
-85.36,-94.85,-111.61,-128.97,Inf,-85.36,-106.97,-126.00,-85.36,-94.85,-111.61,-128.97;
-94.85,-85.36,-94.85,-111.61,-85.36,Inf,-85.36,-106.97,-94.85,-85.36,-94.85,-111.61;
-111.61,-94.85,-85.36,-94.85,-106.97,-85.36,Inf,-85.36,-111.61,-94.85,-85.36,-94.85;
-128.97,-111.61,-94.85,-85.36,-126.00,-106.97,-85.36,Inf,-128.97,-111.61,-94.85,-85.36;
-106.97,-111.61,-122.83,-136.98,-85.36,-94.85,-111.61,-128.97,Inf,-85.36,-106.97,-126.00;
-111.61,-106.97,-111.61,-122.83,-94.85,-85.36,-94.85,-111.61,-85.36,Inf,-85.36,-106.97;
-122.83,-111.61,-106.97,-111.61,-111.61,-94.85,-85.36,-94.85,-106.97,-85.36,Inf,-85.36;
-136.98,-122.83,-111.61,-106.97,-128.97,-111.61,-94.85,-85.36,-126.00,-106.97,-85.36,Inf}
 KOMONDOR SIMULATION 'sim_input_nodes_sce1a_deployment_06.csv' (seed 1992)
{162.59,13.90,17.51,0.92,21.27,13.36,3.92,16.59,2.84,15.21,15.59,4.07,15.36,22.04,80.64,1.00,2.69,1.46,7.45,7.07,16.67,10.21,2.15,0.31,1.46,14.13,1.23,2.07,0.69,12.06,171.88,8.14,0.61,10.29,1.54,16.67,6.07,20.12,19.51,13.90,2.76,1.15,10.14,20.35,18.43,22.20,122.50,18.66,1.08,12.75,21.58,2.61,8.60,6.22,2.00,17.13,2.38,21.81,7.68,99.38,0.23,1.84,4.84,15.97,9.52,7.99,7.83,11.29,0.23,8.52,1.92,6.99,2.30,3.69,1.15,0.92,14.13,64.51,2.61,0.15,8.99,0.61,0.38,0.38,9.98,4.15,0.00,2.53,8.68,6.60,2.30,11.06,6.07,51.30,1.61,16.90,3.53,1.23,4.30,7.30,1.92,13.59,0.69,0.23,90.32,11.44,13.29,0.08,5.15,0.15,0.54,9.91,9.83,0.92,10.91,0.69,12.13,2.00,2.69,10.60,217.04,19.20,19.97,24.65,19.43,2.53,15.97,11.06,18.28,2.53,13.52,23.35,24.04,22.50,94.69,9.37,2.53,8.37,2.69,1.15,2.30,14.82,3.53,8.14,8.29,5.30,14.59,7.37,4.30,1.92,90.85,9.60,7.22,9.68,0.23,0.23,5.61,14.59,3.53,2.61,1.92,3.76,14.52,3.53,2.23,11.60,127.10,1.77,1.08,7.60,2.76,13.59,2.30,1.84,11.52,1.23,11.21,3.23,3.38,2.53,13.13,12.06,10.98,10.68,2.46,13.75}
{1.98,1.77,4.36,1.73,1.85,3.03,2.13,2.23,3.79,1.41,0.88,1.87}
{Inf,-65.89,-66.59,-70.82,-58.91,-66.20,-66.95,-67.47,-66.81,-62.93,-62.00,-69.92,-67.46,-50.78,Inf,-69.20,-66.69,-69.79,-67.67,-69.55,-53.19,-61.41,-67.83,-70.90,-68.44,-58.28,-69.15,-69.23,-69.66,-61.77,Inf,-64.92,-70.13,-64.88,-69.03,-61.11,-71.42,-52.12,-53.84,-61.00,-69.12,-68.68,-68.08,-51.60,-61.79,-49.85,Inf,-68.86,-70.62,-68.91,-55.66,-67.30,-67.42,-69.96,-69.90,-67.55,-68.23,-56.72,-66.37,Inf,-70.64,-67.01,-66.36,-55.91,-63.72,-63.50,-66.28,-60.94,-70.94,-64.63,-68.68,-65.94,-68.52,-66.77,-67.11,-69.95,-58.63,Inf,-67.71,-69.98,-56.53,-69.70,-69.97,-70.27,-61.20,-65.35,-70.60,-67.29,-62.18,-63.34,-67.58,-53.24,-63.55,Inf,-67.42,-53.32,-66.71,-68.06,-65.51,-64.64,-68.06,-59.02,-69.74,-70.70,Inf,-59.71,-61.42,-71.46,-66.36,-70.40,-70.11,-64.61,-62.55,-66.40,-63.21,-70.72,-63.64,-66.47,-66.56,-59.08,Inf,-60.33,-59.06,-59.54,-68.20,-67.17,-69.51,-65.53,-60.04,-68.18,-67.72,-58.37,-64.39,-63.37,Inf,-65.78,-68.81,-64.08,-68.13,-67.46,-68.33,-62.29,-69.93,-66.08,-67.81,-69.98,-62.04,-64.66,-70.90,-68.75,Inf,-64.98,-64.78,-64.62,-71.10,-70.68,-65.86,-64.26,-68.09,-68.26,-68.71,-66.51,-59.28,-66.22,-68.17,-62.37,Inf,-68.80,-70.71,-65.45,-69.44,-63.33,-68.40,-68.68,-64.61,-71.28,-60.88,-67.40,-66.59,-69.92,-68.82,-50.39,-71.18,-67.86,-67.35,-68.18}
{Inf,-85.36,-106.97,-126.00,-85.36,-94.85,-111.61,-128.97,-106.97,-111.61,-122.83,-136.98;
-85.36,Inf,-85.36,-106.97,-94.85,-85.36,-94.85,-111.61,-111.61,-106.97,-111.61,-122.83;
-106.97,-85.36,Inf,-85.36,-111.61,-94.85,-85.36,-94.85,-122.83,-111.61,-106.97,-111.61;
-126.00,-106.97,-85.36,Inf,-128.97,-111.61,-94.85,-85.36,-136.98,-122.83,-111.61,-106.97;
-85.36,-94.85,-111.61,-128.97,Inf,-85.36,-106.97,-126.00,-85.36,-94.85,-111.61,-128.97;
-94.85,-85.36,-94.85,-111.61,-85.36,Inf,-85.36,-106.97,-94.85,-85.36,-94.85,-111.61;
-111.61,-94.85,-85.36,-94.85,-106.97,-85.36,Inf,-85.36,-111.61,-94.85,-85.36,-94.85;
-128.97,-111.61,-94.85,-85.36,-126.00,-106.97,-85.36,Inf,-128.97,-111.61,-94.85,-85.36;
-106.97,-111.61,-122.83,-136.98,-85.36,-94.85,-111.61,-128.97,Inf,-85.36,-106.97,-126.00;
-111.61,-106.97,-111.61,-122.83,-94.85,-85.36,-94.85,-111.61,-85.36,Inf,-85.36,-106.97;
-122.83,-111.61,-106.97,-111.61,-111.61,-94.85,-85.36,-94.85,-106.97,-85.36,Inf,-85.36;
-136.98,-122.83,-111.61,-106.97,-128.97,-111.61,-94.85,-85.36,-126.00,-106.97,-85.36,Inf}
 KOMONDOR SIMULATION 'sim_input_nodes_sce1a_deployment_07.csv' (seed 1992)
{179.79,2.38,22.43,3.53,22.96,18.59,17.74,26.80,26.65,24.12,14.59,135.17,24.27,9.37,23.50,10.68,7.30,5.84,14.05,19.05,5.91,15.21,99.92,2.23,10.60,2.00,4.07,1.69,11.98,8.14,8.14,7.76,14.36,13.59,6.22,1.54,0.46,7.14,160.20,5.53,14.75,1.61,15.59,18.59,12.83,5.07,15.28,3.00,6.37,10.91,18.66,13.52,18.51,87.24,0.00,0.38,1.61,7.30,10.52,0.54,5.07,4.07,16.13,12.21,1.31,12.52,9.52,1.00,1.69,1.46,1.92,30.18,2.15,1.08,2.69,0.00,0.31,13.29,2.53,4.76,0.31,0.54,2.53,64.36,1.69,1.61,1.23,12.06,10.68,2.38,2.92,4.22,0.23,10.44,7.53,5.84,1.31,2.23,142.69,7.22,14.90,9.37,0.38,11.52,13.13,12.60,12.06,1.69,5.15,4.15,8.52,5.15,10.29,14.05,11.44,1.08,303.44,22.20,18.82,35.33,25.80,34.87,37.79,39.55,14.13,38.86,36.10,98.84,11.83,18.66,3.99,10.52,18.12,0.08,3.99,2.00,0.38,4.38,18.20,6.68,96.23,3.92,8.83,4.76,7.83,12.67,2.53,1.69,0.46,1.23,3.38,2.30,5.76,14.13,12.06,4.99,4.68,4.99,179.33,9.75,13.67,12.60,0.38,14.52,13.75,7.14,1.69,0.69,8.91,10.98,0.92,2.92,14.98,10.44,12.60,7.14,13.36,12.06,10.83}
{0.91,1.93,3.01,3.70,2.30,0.46,0.98,4.89,5.89,3.71,1.70,0.77}
{Inf,-71.03,-67.37,-68.19,-59.05,-68.28,-69.96,-64.59,-64.86,-66.90,-68.50,Inf,-58.53,-69.54,-58.95,-66.01,-66.36,-70.88,-64.18,-66.75,-68.99,-63.81,Inf,-68.52,-63.76,-69.43,-67.35,-70.90,-63.17,-64.44,-65.88,-64.40,-61.22,-57.88,-68.29,-67.04,-70.57,-69.08,Inf,-65.08,-66.74,-71.03,-66.26,-64.57,-63.43,-65.60,-66.58,-68.33,-65.52,-63.86,-56.21,-71.01,-67.73,Inf,-70.96,-70.61,-69.19,-63.32,-62.95,-70.21,-67.53,-65.74,-59.65,-63.34,-68.27,-60.74,-64.01,-69.72,-70.73,-66.30,-68.21,Inf,-68.03,-69.53,-66.68,-70.89,-70.30,-46.37,-67.23,-66.74,-70.48,-70.38,-66.99,Inf,-69.64,-68.54,-68.55,-58.09,-55.68,-67.20,-66.51,-66.11,-70.89,-47.30,-64.37,-64.78,-69.12,-66.37,Inf,-67.30,-57.85,-62.48,-70.40,-65.60,-62.90,-58.76,-62.14,-70.27,-66.08,-65.78,-64.06,-65.69,-65.99,-59.68,-60.83,-71.02,Inf,-62.79,-64.01,-55.69,-66.18,-57.78,-53.58,-62.45,-68.45,-53.20,-57.29,Inf,-63.94,-59.69,-66.84,-65.25,-58.87,-71.14,-66.41,-68.70,-70.19,-68.46,-58.89,-68.80,Inf,-66.40,-62.82,-67.16,-69.96,-57.11,-69.59,-67.41,-71.22,-67.77,-67.60,-71.13,-70.94,-60.80,-64.67,-65.43,-70.54,-67.87,Inf,-61.08,-56.07,-68.71,-71.42,-58.97,-57.49,-64.35,-67.12,-68.86,-69.26,-68.24,-71.22,-69.50,-62.49,-68.69,-66.85,-70.93,-68.18,-70.46,-67.76}
{Inf,-85.36,-106.97,-126.00,-85.36,-94.85,-111.61,-128.97,-106.97,-111.61,-122.83,-136.98;
-85.36,Inf,-85.36,-106.97,-94.85,-85.36,-94.85,-111.61,-111.61,-106.97,-111.61,-122.83;
-106.97,-85.36,Inf,-85.36,-111.61,-94.85,-85.36,-94.85,-122.83,-111.61,-106.97,-111.61;
-126.00,-106.97,-85.36,Inf,-128.97,-111.61,-94.85,-85.36,-136.98,-122.83,-111.61,-106.97;
-85.36,-94.85,-111.61,-128.97,Inf,-85.36,-106.97,-126.00,-85.36,-94.85,-111.61,-128.97;
-94.85,-85.36,-94.85,-111.61,-85.36,Inf,-85.36,-106.97,-94.85,-85.36,-94.85,-111.61;
-111.61,-94.85,-85.36,-94.85,-106.97,-85.36,Inf,-85.36,-111.61,-94.85,-85.36,-94.85;
-128.97,-111.61,-94.85,-85.36,-126.00,-106.97,-85.36,Inf,-128.97,-111.61,-94.85,-85.36;
-106.97,-111.61,-122.83,-136.98,-85.36,-94.85,-111.61,-128.97,Inf,-85.36,-106.97,-126.00;
-111.61,-106.97,-111.61,-122.83,-94.85,-85.36,-94.85,-111.61,-85.36,Inf,-85.36,-106.97;
-122.83,-111.61,-106.97,-111.61,-111.61,-94.85,-85.36,-94.85,-106.97,-85.36,Inf,-85.36;
-136.98,-122.83,-111.61,-106.97,-128.97,-111.61,-94.85,-85.36,-126.00,-106.97,-85.36,Inf}
 KOMONDOR SIMULATION 'sim_input_nodes_sce1a_deployment_08.csv' (seed 1992)
{190.77,14.67,14.59,16.90,13.29,0.54,16.36,11.67,1.08,8.45,15.90,15.90,14.13,3.46,1.61,10.37,15.74,16.13,121.27,15.90,2.61,25.88,20.28,14.59,15.05,13.90,5.15,2.46,5.45,75.96,5.91,3.46,2.53,9.29,4.45,2.23,7.37,2.53,12.44,2.46,4.99,0.31,2.15,0.92,14.90,177.25,14.67,15.28,3.76,9.68,13.82,16.36,15.67,17.82,3.38,12.44,13.98,3.53,2.76,1.61,15.28,17.20,70.73,10.83,7.76,0.61,18.36,19.35,0.84,3.53,0.69,7.07,1.69,93.85,3.46,3.76,4.68,0.46,13.59,13.67,9.98,3.23,12.36,0.84,0.23,13.52,14.05,44.70,11.21,0.92,5.61,0.08,0.23,6.91,0.23,8.68,0.77,2.00,7.07,1.00,67.74,0.23,0.77,7.99,1.15,1.00,3.99,3.69,4.15,0.54,8.29,1.38,2.53,11.52,0.54,10.83,1.61,4.76,0.31,2.46,188.39,22.96,24.81,26.96,26.96,8.52,23.81,17.20,20.58,14.36,2.23,81.87,5.30,1.46,6.60,6.84,0.38,5.07,0.46,0.23,7.37,1.00,11.60,2.00,0.92,1.69,0.77,10.21,0.31,10.75,8.91,131.48,11.90,1.15,13.52,2.61,1.54,17.05,0.69,16.74,9.37,11.98,3.00,9.83,17.59,14.52,153.60,21.27,3.00,3.30,24.81,2.07,23.50,23.73,9.60,1.31,15.44,25.57}
{1.44,1.97,1.34,2.37,4.02,1.96,1.03,2.91,3.34,2.28,2.34,3.13}
{Inf,-69.87,-66.83,-66.61,-59.77,-70.88,-68.31,-64.88,-71.12,-68.81,-55.04,-68.68,-63.07,-67.66,-69.91,-64.98,-60.58,-66.96,Inf,-67.26,-68.55,-50.12,-61.00,-64.27,-69.12,-65.25,-67.56,-67.83,-69.49,Inf,-70.56,-67.65,-70.44,-67.19,-66.83,-68.44,-68.90,-69.57,-63.66,-69.21,-68.27,-70.50,-69.22,-69.94,-57.66,Inf,-62.34,-60.43,-68.10,-69.57,-63.60,-60.71,-64.23,-64.27,-68.83,-64.07,-67.69,-68.62,-68.40,-70.92,-62.29,-66.39,Inf,-64.39,-69.85,-71.39,-53.79,-59.26,-71.24,-65.87,-71.16,-67.57,-68.46,Inf,-68.11,-67.60,-66.09,-71.23,-54.05,-60.83,-61.65,-67.50,-63.49,-70.39,-70.10,-55.03,-54.06,Inf,-54.85,-70.95,-66.05,-71.15,-70.32,-64.85,-71.03,-63.36,-70.41,-67.67,-64.74,-68.83,Inf,-71.24,-68.32,-62.25,-66.77,-70.50,-65.90,-69.92,-65.22,-70.10,-63.34,-69.77,-70.40,-58.69,-68.81,-60.26,-67.27,-65.44,-70.95,-70.59,Inf,-57.99,-61.25,-62.89,-61.28,-68.73,-66.04,-67.44,-68.96,-68.03,-69.93,Inf,-65.76,-69.01,-65.76,-69.95,-70.60,-67.25,-71.38,-71.15,-66.53,-68.41,-61.20,-66.55,-67.72,-69.37,-70.43,-61.50,-70.92,-57.28,-62.13,Inf,-65.37,-71.17,-61.16,-68.69,-69.34,-64.41,-71.01,-58.67,-66.27,-68.47,-69.46,-68.78,-61.64,-60.43,Inf,-66.65,-69.50,-69.84,-57.25,-71.13,-58.70,-62.19,-71.03,-71.22,-69.81,-53.76}
{Inf,-85.36,-106.97,-126.00,-85.36,-94.85,-111.61,-128.97,-106.97,-111.61,-122.83,-136.98;
-85.36,Inf,-85.36,-106.97,-94.85,-85.36,-94.85,-111.61,-111.61,-106.97,-111.61,-122.83;
-106.97,-85.36,Inf,-85.36,-111.61,-94.85,-85.36,-94.85,-122.83,-111.61,-106.97,-111.61;
-126.00,-106.97,-85.36,Inf,-128.97,-111.61,-94.85,-85.36,-136.98,-122.83,-111.61,-106.97;
-85.36,-94.85,-111.61,-128.97,Inf,-85.36,-106.97,-126.00,-85.36,-94.85,-111.61,-128.97;
-94.85,-85.36,-94.85,-111.61,-85.36,Inf,-85.36,-106.97,-94.85,-85.36,-94.85,-111.61;
-111.61,-94.85,-85.36,-94.85,-106.97,-85.36,Inf,-85.36,-111.61,-94.85,-85.36,-94.85;
-128.97,-111.61,-94.85,-85.36,-126.00,-106.97,-85.36,Inf,-128.97,-111.61,-94.85,-85.36;
-106.97,-111.61,-122.83,-136.98,-85.36,-94.85,-111.61,-128.97,Inf,-85.36,-106.97,-126.00;
-111.61,-106.97,-111.61,-122.83,-94.85,-85.36,-94.85,-111.61,-85.36,Inf,-85.36,-106.97;
-122.83,-111.61,-106.97,-111.61,-111.61,-94.85,-85.36,-94.85,-106.97,-85.36,Inf,-85.36;
-136.98,-122.83,-111.61,-106.97,-128.97,-111.61,-94.85,-85.36,-126.00,-106.97,-85.36,Inf}
 KOMONDOR SIMULATION 'sim_input_nodes_sce1a_deployment_09.csv' (seed 1992)
{140.08,12.06,2.92,8.91,8.14,0.46,9.83,2.46,13.44,8.76,1.00,3.53,10.68,14.44,3.23,12.44,10.14,3.38,14.28,79.03,7.45,1.31,5.30,3.38,12.13,0.15,8.45,10.83,0.77,0.84,0.15,6.07,3.76,1.69,1.77,1.92,13.06,125.49,0.00,7.91,0.92,9.45,0.69,0.46,8.06,13.29,9.14,3.84,0.00,3.61,9.45,15.05,3.92,12.29,1.31,14.52,11.60,163.74,14.67,2.53,15.13,13.98,15.44,0.77,8.45,13.59,14.13,15.44,3.00,10.83,16.20,13.52,6.07,79.87,2.46,18.36,1.54,0.77,9.75,3.99,15.28,2.46,14.98,1.92,8.37,90.01,11.29,11.75,2.61,0.08,1.31,0.08,11.75,6.60,9.52,12.90,1.15,2.69,4.76,0.00,12.60,0.08,0.84,29.80,1.08,2.92,5.45,0.15,0.61,0.92,2.15,0.46,1.00,1.92,0.23,0.00,3.23,4.22,0.15,1.61,0.38,2.00,0.54,0.77,90.55,3.99,1.54,14.67,3.38,1.08,1.38,15.05,1.31,1.00,1.46,0.84,14.21,13.82,12.83,1.31,2.69,234.47,14.28,1.00,19.20,14.52,16.05,16.59,6.30,13.67,13.29,10.37,3.07,16.13,7.83,11.83,14.59,12.83,15.13,16.44,11.37,73.42,9.60,1.46,3.46,0.69,6.37,1.31,13.98,13.75,1.46,3.30,18.05,95.85,0.54,3.23,14.21,15.67,18.28,0.92,18.89,0.92,0.69,16.51,5.99,109.44,1.46,4.45,5.91,8.99,7.53,5.91,7.76,7.45,3.61,6.37,2.38,11.52,2.07,11.98,6.53,0.92,0.46,11.21,2.38,0.54}
{0.81,1.46,2.30,4.12,1.27,1.19,0.97,2.02,2.97,1.25,2.64,2.44}
{Inf,-59.19,-69.49,-64.36,-64.59,-71.17,-70.25,-66.55,-56.86,-69.78,-70.04,-70.72,-70.53,-62.37,-67.34,-63.15,-62.27,-68.98,-61.17,Inf,-65.86,-69.72,-70.46,-66.24,-58.50,-71.29,-62.99,-60.99,-70.06,-71.19,-70.87,-65.22,-66.78,-68.04,-68.09,-67.48,-62.08,Inf,-71.42,-64.52,-69.02,-64.93,-70.61,-70.45,-64.80,-53.19,-63.37,-65.28,-70.61,-71.43,-62.53,-53.63,-66.17,-56.39,-69.35,-50.47,-59.86,Inf,-70.12,-68.72,-61.70,-61.30,-63.04,-70.23,-63.98,-62.77,-59.51,-67.57,-66.72,-62.75,-69.98,-70.84,-66.83,Inf,-69.65,-62.97,-69.68,-70.70,-67.85,-67.03,-60.29,-69.23,-62.56,-71.39,-65.66,Inf,-57.45,-58.18,-67.98,-71.19,-68.31,-70.91,-56.10,-64.67,-60.89,-50.83,-69.39,-67.03,-64.87,-70.45,-58.97,-70.26,-69.28,Inf,-68.67,-65.55,-61.24,-70.15,-69.92,-67.58,-66.65,-68.76,-68.14,-66.42,-69.89,-70.90,-65.68,-62.39,-70.41,-67.01,-69.73,-67.21,-69.31,-68.22,Inf,-68.20,-68.34,-59.82,-67.55,-70.99,-69.14,-59.61,-69.68,-70.41,-68.36,-68.95,-47.96,-61.94,-59.75,-67.61,-66.65,Inf,-64.97,-71.06,-55.76,-67.54,-48.53,-66.65,-69.69,-62.02,-69.99,-60.71,-66.50,-64.40,-66.93,-68.82,-68.02,-63.15,-56.68,-62.92,-61.04,Inf,-64.73,-70.85,-69.70,-71.14,-70.50,-67.21,-64.29,-61.66,-70.85,-67.90,-58.71,Inf,-71.26,-69.01,-64.03,-62.36,-56.84,-70.49,-57.95,-69.46,-70.15,-59.09,-66.20,Inf,-68.82,-65.21,-70.81,-66.09,-67.43,-64.24,-70.09,-65.52,-67.69,-63.72,-67.48,-65.48,-70.80,-65.70,-64.27,-70.10,-69.94,-62.57,-67.08,-70.19}
{Inf,-85.36,-106.97,-126.00,-85.36,-94.85,-111.61,-128.97,-106.97,-111.61,-122.83,-136.98;
-85.36,Inf,-85.36,-106.97,-94.85,-85.36,-94.85,-111.61,-111.61,-106.97,-111.61,-122.83;
-106.97,-85.36,Inf,-85.36,-111.61,-94.85,-85.36,-94.85,-122.83,-111.61,-106.97,-111.61;
-126.00,-106.97,-85.36,Inf,-128.97,-111.61,-94.85,-85.36,-136.98,-122.83,-111.61,-106.97;
-85.36,-94.85,-111.61,-128.97,Inf,-85.36,-106.97,-126.00,-85.36,-94.85,-111.61,-128.97;
-94.85,-85.36,-94.85,-111.61,-85.36,Inf,-85.36,-106.97,-94.85,-85.36,-94.85,-111.61;
-111.61,-94.85,-85.36,-94.85,-106.97,-85.36,Inf,-85.36,-111.61,-94.85,-85.36,-94.85;
-128.97,-111.61,-94.85,-85.36,-126.00,-106.97,-85.36,Inf,-128.97,-111.61,-94.85,-85.36;
-106.97,-111.61,-122.83,-136.98,-85.36,-94.85,-111.61,-128.97,Inf,-85.36,-106.97,-126.00;
-111.61,-106.97,-111.61,-122.83,-94.85,-85.36,-94.85,-111.61,-85.36,Inf,-85.36,-106.97;
-122.83,-111.61,-106.97,-111.61,-111.61,-94.85,-85.36,-94.85,-106.97,-85.36,Inf,-85.36;
-136.98,-122.83,-111.61,-106.97,-128.97,-111.61,-94.85,-85.36,-126.00,-106.97,-85.36,Inf}
 KOMONDOR SIMULATION 'sim_input_nodes_sce1a_deployment_10.csv' (seed 1992)
{114.43,0.54,12.60,0.92,1.84,7.30,1.69,0.46,8.83,1.38,15.21,0.77,12.21,8.68,1.00,14.05,13.21,13.75,106.29,9.91,19.43,0.54,9.14,3.84,18.05,17.43,10.91,1.77,2.38,12.90,109.98,0.54,20.81,0.38,11.90,15.59,3.53,0.46,7.60,15.59,19.05,13.36,1.15,162.66,11.21,14.28,13.90,2.92,15.82,14.36,12.83,8.60,10.52,1.69,3.69,10.60,15.51,0.92,14.67,11.14,167.88,1.46,18.82,25.57,11.67,15.13,18.20,18.59,3.46,18.66,13.82,22.50,46.16,0.15,9.68,5.22,0.54,0.23,0.08,0.23,1.08,0.23,4.61,6.68,5.30,0.84,3.69,0.15,0.38,5.76,1.31,93.85,7.99,11.06,1.77,9.83,4.99,11.37,10.75,5.76,4.53,1.31,0.23,2.76,9.60,0.77,11.14,50.92,1.61,15.51,1.46,1.46,1.77,13.36,2.53,0.31,5.84,4.99,2.07,168.96,7.53,13.75,15.05,15.67,15.36,2.84,4.99,1.31,14.52,12.52,1.61,10.14,7.45,10.83,0.77,9.83,0.15,3.00,9.29,12.36,126.57,5.22,7.30,4.92,6.37,8.06,6.37,15.74,13.90,1.92,12.36,2.46,3.76,2.46,5.30,12.98,1.84,9.06,6.53,72.73,9.06,3.61,1.61,16.05,0.08,0.31,17.51,6.60,0.31,13.67,3.92,155.06,15.05,20.58,16.36,10.37,2.53,2.15,13.36,1.69,16.67,17.20,12.90,15.05,9.06,2.07}
{3.37,2.37,3.00,2.97,3.19,0.90,2.11,0.97,3.62,5.26,1.70,0.55}
{Inf,-70.47,-57.55,-69.39,-68.96,-68.89,-68.63,-71.26,-70.56,-71.13,-54.08,-70.70,-59.45,-62.54,-69.82,-65.68,-50.63,-55.95,Inf,-65.29,-59.12,-71.20,-69.31,-69.61,-59.64,-60.60,-67.46,-68.91,-70.98,-65.63,Inf,-70.61,-62.22,-70.10,-64.37,-63.58,-67.30,-70.72,-65.38,-61.22,-49.12,-65.51,-70.31,Inf,-62.77,-67.71,-65.39,-66.38,-66.38,-64.19,-59.22,-71.02,-68.81,-70.89,-67.13,-63.02,-65.81,-70.95,-57.11,-62.60,Inf,-70.55,-64.39,-55.27,-69.36,-62.78,-62.47,-59.47,-70.93,-62.98,-65.65,-60.99,Inf,-70.25,-52.06,-61.43,-69.09,-70.12,-70.96,-70.05,-68.72,-70.20,-63.96,-62.53,-64.16,-66.26,-65.00,-71.16,-70.01,-64.06,-67.90,Inf,-64.38,-60.03,-67.34,-63.20,-66.36,-52.06,-50.78,-65.56,-65.55,-69.04,-70.28,-66.52,-61.34,-68.26,-61.16,Inf,-69.53,-62.29,-69.62,-69.97,-69.14,-66.19,-69.45,-71.13,-68.79,-66.35,-69.14,Inf,-64.95,-65.68,-53.66,-53.46,-50.51,-68.92,-70.11,-67.11,-61.50,-57.45,-68.93,-70.30,-66.55,-62.80,-69.54,-68.84,-69.43,-68.59,-63.77,-62.34,Inf,-66.19,-65.10,-70.08,-69.36,-69.50,-65.78,-54.39,-51.13,-67.55,-63.24,-69.31,-66.97,-68.59,-65.76,-60.73,-67.46,-64.99,-70.22,Inf,-68.11,-69.24,-68.23,-61.97,-71.20,-70.78,-59.82,-67.22,-71.35,-63.30,-67.24,Inf,-66.52,-58.90,-70.07,-66.56,-67.05,-67.49,-65.52,-69.73,-65.90,-66.40,-71.40,-69.90,-66.97,-69.93}
{Inf,-85.36,-106.97,-126.00,-85.36,-94.85,-111.61,-128.97,-106.97,-111.61,-122.83,-136.98;
-85.36,Inf,-85.36,-106.97,-94.85,-85.36,-94.85,-111.61,-111.61,-106.97,-111.61,-122.83;
-106.97,-85.36,Inf,-85.36,-111.61,-94.85,-85.36,-94.85,-122.83,-111.61,-106.97,-111.61;
-126.00,-106.97,-85.36,Inf,-128.97,-111.61,-94.85,-85.36,-136.98,-122.83,-111.61,-106.97;
-85.36,-94.85,-111.61,-128.97,Inf,-85.36,-106.97,-126.00,-85.36,-94.85,-111.61,-128.97;
-94.85,-85.36,-94.85,-111.61,-85.36,Inf,-85.36,-106.97,-94.85,-85.36,-94.85,-111.61;
-111.61,-94.85,-85.36,-94.85,-106.97,-85.36,Inf,-85.36,-111.61,-94.85,-85.36,-94.85;
-128.97,-111.61,-94.85,-85.36,-126.00,-106.97,-85.36,Inf,-128.97,-111.61,-94.85,-85.36;
-106.97,-111.61,-122.83,-136.98,-85.36,-94.85,-111.61,-128.97,Inf,-85.36,-106.97,-126.00;
-111.61,-106.97,-111.61,-122.83,-94.85,-85.36,-94.85,-111.61,-85.36,Inf,-85.36,-106.97;
-122.83,-111.61,-106.97,-111.61,-111.61,-94.85,-85.36,-94.85,-106.97,-85.36,Inf,-85.36;
-136.98,-122.83,-111.61,-106.97,-128.97,-111.61,-94.85,-85.36,-126.00,-106.97,-85.36,Inf}
 KOMONDOR SIMULATION 'sim_input_nodes_sce1a_deployment_11.csv' (seed 1992)
{219.80,22.89,2.92,16.74,1.92,10.52,24.73,24.27,23.27,22.58,1.84,20.35,24.27,23.50,131.87,16.28,2.00,0.38,11.60,2.23,9.22,2.61,13.52,3.61,7.91,14.75,2.30,9.22,9.06,3.53,13.13,10.52,117.35,0.15,14.90,22.73,6.84,24.42,23.42,12.60,3.46,1.08,7.76,215.04,17.13,29.03,29.03,28.57,19.81,1.15,22.27,30.87,9.60,27.57,93.54,11.29,2.07,12.75,22.20,3.23,11.14,3.61,5.07,19.81,2.38,61.82,4.92,11.29,5.38,3.53,12.83,2.15,1.38,3.00,15.97,1.38,51.00,7.60,0.61,0.69,0.31,1.46,4.30,0.08,7.53,0.92,0.84,7.30,0.46,0.00,8.37,0.77,1.61,7.99,0.15,95.23,0.31,14.98,2.30,3.07,14.59,1.92,11.52,4.61,2.61,1.31,1.31,15.90,6.30,0.08,7.53,6.91,217.57,22.81,18.43,6.68,16.90,17.66,2.76,22.73,17.66,8.45,17.05,24.35,24.81,17.28,112.20,14.21,0.15,5.76,8.83,10.91,2.15,2.15,1.84,1.15,9.60,11.75,8.60,6.91,5.15,2.00,10.37,0.77,7.07,2.84,89.16,3.00,1.46,3.84,9.29,12.75,1.61,4.53,6.37,10.91,0.08,7.14,2.30,4.76,10.14,5.99,4.61,0.38,171.19,4.38,15.74,16.74,1.69,16.59,13.67,1.15,14.36,1.38,3.07,16.59,14.98,7.60,17.43,2.07,16.20,7.53}
{4.27,2.76,4.09,7.07,1.92,1.06,1.52,1.91,6.26,3.90,2.09,1.85}
