 KOMONDOR SIMULATION 'sim_input_nodes_sce1b_deployment_00.csv' (seed 1992)
{164.28,12.36,11.67,10.83,11.29,13.98,11.98,11.06,11.21,10.83,7.37,1.23,5.38,5.15,2.69,7.14,7.60,11.14,11.37,68.81,1.23,4.07,10.37,3.23,2.23,10.29,11.06,0.84,3.23,2.30,4.61,5.38,3.00,5.61,1.38,96.31,8.76,5.07,3.07,7.30,1.54,7.30,9.75,9.29,10.91,8.68,1.38,10.52,0.54,8.99,3.23,191.39,11.83,5.45,7.45,9.45,12.90,2.53,10.98,8.91,10.29,4.68,7.45,12.13,6.53,11.83,10.83,12.98,10.75,9.83,12.67,11.90,44.24,3.92,3.38,3.30,2.69,5.61,2.76,1.31,3.76,5.38,0.54,2.84,0.46,3.00,3.53,1.77,48.84,5.53,1.92,9.06,1.92,1.61,10.06,0.61,7.37,1.69,0.08,8.99,88.63,11.90,12.29,3.38,0.31,9.37,12.83,12.21,0.23,8.76,12.67,2.61,2.07,40.17,2.69,2.76,1.84,3.46,5.38,2.00,1.69,3.53,4.30,3.76,3.53,5.22,130.25,11.67,4.15,3.23,7.14,10.44,3.30,11.67,1.46,6.14,4.07,3.07,8.60,4.15,4.45,5.61,7.37,6.53,9.60,7.30,10.29,77.95,15.74,14.28,4.76,3.84,13.67,6.30,9.83,3.69,4.45,1.38,53.91,5.99,0.54,8.06,8.52,9.45,1.61,0.38,11.52,5.07,0.31,0.31,2.15,177.56,2.76,3.46,8.83,13.75,9.60,9.14,14.44,11.29,9.45,10.14,13.13,9.75,11.60,10.52,11.52,12.67,13.06,2.46}
{1.64,6.39,1.20,5.19,0.00,1.43,3.56,2.42,0.39,3.44,3.76,5.17}
{Inf,-68.85,-60.11,-64.90,-69.21,-65.19,-66.69,-63.62,-69.80,-57.32,-65.62,-70.11,-67.04,-67.38,-70.18,-66.74,-61.46,-71.19,-64.71,Inf,-68.51,-66.22,-55.50,-66.58,-66.83,-54.52,-52.93,-70.90,-68.77,-70.59,-67.17,-62.03,-67.83,-65.71,-69.58,Inf,-62.10,-70.58,-68.75,-62.62,-69.28,-69.47,-57.43,-54.61,-58.78,-61.53,-70.88,-46.32,-71.27,-57.80,-68.09,Inf,-68.86,-69.23,-61.90,-68.52,-59.80,-70.95,-66.51,-69.61,-58.42,-66.03,-63.97,-71.05,-66.86,-63.04,-67.05,-62.69,-63.09,-57.93,-54.60,-60.62,Inf,-56.88,-67.57,-69.07,-70.44,-55.67,-69.40,-66.65,-69.24,-67.05,-71.21,-70.81,-70.30,-64.01,-70.99,-68.52,Inf,-65.33,-68.30,-51.66,-69.10,-68.89,-51.38,-70.34,-63.83,-69.71,-71.29,-59.88,Inf,-60.25,-57.14,-68.38,-70.91,-63.84,-57.87,-57.77,-71.14,-60.22,-48.92,-67.59,-67.79,Inf,-66.54,-62.87,-68.82,-62.56,-54.26,-65.38,-65.11,-64.21,-61.17,-62.09,-65.46,-66.13,Inf,-64.23,-65.23,-70.34,-66.99,-64.07,-68.39,-68.91,-69.70,-68.17,-70.20,-66.53,-71.31,-64.48,-69.00,-66.79,-65.00,-68.93,-65.30,-69.17,-62.90,Inf,-50.48,-57.91,-68.37,-69.17,-62.30,-68.94,-70.01,-68.73,-70.21,-70.26,Inf,-63.17,-69.29,-64.48,-61.54,-64.48,-68.18,-71.21,-59.24,-67.65,-70.35,-69.74,-70.00,Inf,-69.47,-66.96,-58.73,-70.01,-65.06,-71.27,-65.53,-53.48,-69.16,-67.76,-63.92,-62.93,-64.44,-70.50,-56.02,-69.43,-61.89,-69.70}
{Inf,-82.24,-101.93,-119.03,-81.17,-90.27,-105.74,-121.45,-100.20,-104.62,-115.08,-128.01;
-82.24,Inf,-82.24,-101.93,-90.27,-81.17,-90.27,-105.74,-104.62,-100.20,-104.62,-115.08;
-101.93,-82.24,Inf,-82.24,-105.74,-90.27,-81.17,-90.27,-115.08,-104.62,-100.20,-104.62;
-119.03,-101.93,-82.24,Inf,-121.45,-105.74,-90.27,-81.17,-128.01,-115.08,-104.62,-100.20;
-81.17,-90.27,-105.74,-121.45,Inf,-82.24,-101.93,-119.03,-81.17,-90.27,-105.74,-121.45;
-90.27,-81.17,-90.27,-105.74,-82.24,Inf,-82.24,-101.93,-90.27,-81.17,-90.27,-105.74;
-105.74,-90.27,-81.17,-90.27,-101.93,-82.24,Inf,-82.24,-105.74,-90.27,-81.17,-90.27;
-121.45,-105.74,-90.27,-81.17,-119.03,-101.93,-82.24,Inf,-121.45,-105.74,-90.27,-81.17;
-100.20,-104.62,-115.08,-128.01,-81.17,-90.27,-105.74,-121.45,Inf,-82.24,-101.93,-119.03;
-104.62,-100.20,-104.62,-115.08,-90.27,-81.17,-90.27,-105.74,-82.24,Inf,-82.24,-101.93;
-115.08,-104.62,-100.20,-104.62,-105.74,-90.27,-81.17,-90.27,-101.93,-82.24,Inf,-82.24;
-128.01,-115.08,-104.62,-100.20,-121.45,-105.74,-90.27,-81.17,-119.03,-101.93,-82.24,Inf}
 KOMONDOR SIMULATION 'sim_input_nodes_sce1b_deployment_01.csv' (seed 1992)
{167.50,11.75,10.60,4.53,8.22,13.90,13.75,11.83,3.84,0.77,13.67,13.52,13.36,14.82,1.15,13.21,12.67,5.91,80.49,5.84,5.30,7.14,3.92,3.30,2.07,6.99,6.99,0.38,1.38,0.61,7.68,2.46,4.30,4.99,0.84,7.45,1.77,7.07,99.07,8.52,10.68,1.69,6.91,1.23,2.38,2.46,9.37,9.98,8.22,3.84,2.76,1.23,11.44,10.83,7.53,146.00,7.53,19.51,13.67,6.53,6.91,12.60,12.60,18.20,16.20,14.05,18.20,51.61,3.69,3.46,2.15,3.23,4.99,1.77,4.61,4.99,4.76,5.45,2.15,1.84,5.22,2.00,1.31,83.94,5.68,4.45,10.83,12.13,0.08,0.77,9.68,8.99,9.29,1.69,10.29,10.06,40.93,3.84,4.76,0.46,0.23,0.38,5.84,0.84,4.76,0.38,4.22,0.92,2.46,0.54,0.46,4.84,0.00,5.99,65.28,4.30,0.92,2.69,2.84,3.07,5.15,1.15,4.61,5.07,5.30,3.38,4.22,3.53,1.46,1.77,5.07,4.15,6.60,168.73,11.06,10.29,0.54,10.06,11.37,0.31,12.90,8.60,12.29,8.29,9.14,11.44,9.29,12.60,11.67,3.07,9.68,5.22,10.91,51.92,3.07,9.45,8.76,0.77,0.61,3.23,1.61,2.30,2.53,9.06,10.52,89.70,3.53,3.92,5.45,7.60,14.75,12.75,3.46,15.67,16.05,6.53,148.38,9.75,11.21,11.06,8.91,6.30,8.52,12.06,6.14,4.99,10.68,8.91,3.38,8.22,10.14,6.76,1.69,1.77,0.77,7.37,9.75}
{1.40,0.21,1.45,4.52,0.45,3.65,0.79,2.35,0.71,0.64,12.16,4.55}
{Inf,-55.49,-70.44,-68.46,-70.17,-62.62,-68.77,-60.96,-70.39,-71.14,-54.05,-68.63,-66.25,-61.64,-69.98,-65.47,-61.32,-65.52,Inf,-68.77,-66.89,-63.51,-65.14,-67.79,-69.16,-56.36,-59.91,-69.56,-68.08,-70.77,-58.95,-68.01,-69.80,-67.27,-69.82,-60.91,-71.30,-67.87,Inf,-64.94,-50.55,-69.29,-64.01,-69.18,-66.95,-64.18,-63.64,-47.60,-61.90,-66.31,-70.02,-70.12,-58.59,-55.20,-70.54,Inf,-66.04,-51.24,-70.76,-68.02,-71.14,-70.05,-62.47,-61.82,-70.69,-60.04,-61.20,Inf,-67.32,-70.08,-65.63,-69.89,-67.98,-69.25,-64.06,-56.71,-68.36,-67.33,-64.51,-65.34,-47.52,-68.88,-68.66,Inf,-66.55,-66.31,-61.36,-55.74,-70.64,-69.27,-63.63,-64.93,-62.63,-69.08,-64.02,-58.19,Inf,-64.49,-56.23,-70.75,-71.28,-69.95,-62.25,-70.69,-62.21,-70.42,-65.95,-69.45,-67.82,-70.97,-70.87,-60.90,-70.47,-53.50,Inf,-53.08,-70.65,-70.01,-63.24,-64.07,-61.02,-68.58,-57.73,-50.22,-58.62,-63.64,-70.52,-63.51,-67.53,-66.20,-52.63,-55.82,-50.40,Inf,-70.30,-59.98,-70.10,-66.31,-67.16,-71.32,-66.02,-67.42,-70.28,-71.28,-56.65,-65.98,-58.70,-62.74,-56.67,-69.01,-71.31,-66.98,-63.12,Inf,-67.04,-55.85,-63.40,-71.29,-69.55,-68.90,-70.94,-70.42,-67.95,-66.90,-58.79,Inf,-68.81,-66.45,-67.44,-63.52,-61.77,-61.60,-67.37,-61.93,-58.85,-67.48,Inf,-49.13,-65.40,-64.02,-70.13,-63.24,-45.72,-63.15,-68.24,-66.78,-66.84,-68.72,-67.15,-51.80,-67.64,-68.93,-71.12,-70.67,-71.22,-70.86,-69.38}
{Inf,-82.24,-101.93,-119.03,-81.17,-90.27,-105.74,-121.45,-100.20,-104.62,-115.08,-128.01;
-82.24,Inf,-82.24,-101.93,-90.27,-81.17,-90.27,-105.74,-104.62,-100.20,-104.62,-115.08;
-101.93,-82.24,Inf,-82.24,-105.74,-90.27,-81.17,-90.27,-115.08,-104.62,-100.20,-104.62;
-119.03,-101.93,-82.24,Inf,-121.45,-105.74,-90.27,-81.17,-128.01,-115.08,-104.62,-100.20;
-81.17,-90.27,-105.74,-121.45,Inf,-82.24,-101.93,-119.03,-81.17,-90.27,-105.74,-121.45;
-90.27,-81.17,-90.27,-105.74,-82.24,Inf,-82.24,-101.93,-90.27,-81.17,-90.27,-105.74;
-105.74,-90.27,-81.17,-90.27,-101.93,-82.24,Inf,-82.24,-105.74,-90.27,-81.17,-90.27;
-121.45,-105.74,-90.27,-81.17,-119.03,-101.93,-82.24,Inf,-121.45,-105.74,-90.27,-81.17;
-100.20,-104.62,-115.08,-128.01,-81.17,-90.27,-105.74,-121.45,Inf,-82.24,-101.93,-119.03;
-104.62,-100.20,-104.62,-115.08,-90.27,-81.17,-90.27,-105.74,-82.24,Inf,-82.24,-101.93;
-115.08,-104.62,-100.20,-104.62,-105.74,-90.27,-81.17,-90.27,-101.93,-82.24,Inf,-82.24;
-128.01,-115.08,-104.62,-100.20,-121.45,-105.74,-90.27,-81.17,-119.03,-101.93,-82.24,Inf}
 KOMONDOR SIMULATION 'sim_input_nodes_sce1b_deployment_02.csv' (seed 1992)
{178.94,20.12,21.43,18.74,10.68,4.15,19.97,20.12,19.12,24.42,20.20,87.86,2.23,6.91,9.68,8.68,6.60,10.06,4.30,2.61,2.61,0.46,6.22,2.92,8.14,7.99,8.45,92.16,3.69,3.99,11.37,7.22,7.99,5.53,2.07,6.68,8.37,5.76,8.52,3.23,7.14,10.60,128.49,1.15,7.37,10.44,6.37,3.07,7.07,4.76,4.76,7.45,9.45,3.00,3.23,10.29,4.30,5.99,11.37,8.29,11.52,8.60,37.63,4.38,0.54,3.69,2.61,4.22,3.23,0.15,3.15,2.76,0.00,2.46,3.69,1.92,2.38,2.46,55.99,2.23,4.68,0.31,4.53,8.99,0.08,5.15,3.46,2.15,0.23,2.76,0.15,6.30,3.23,3.38,7.07,1.31,30.26,1.23,0.54,0.23,4.07,3.38,1.31,1.46,3.61,1.92,8.52,0.54,1.61,1.84,34.41,2.15,0.77,0.31,2.07,3.30,3.84,3.23,3.61,0.46,4.07,4.76,1.77,1.38,2.69,175.49,10.29,14.67,1.54,9.22,11.90,11.60,2.92,13.21,10.83,14.28,13.82,12.06,9.75,12.98,14.28,12.13,88.17,0.92,13.21,6.45,2.69,13.67,3.07,7.68,12.44,3.84,10.68,13.52,128.49,5.30,4.76,3.92,9.60,9.22,8.83,6.76,3.69,11.14,5.53,8.45,9.91,5.30,11.06,2.23,9.06,6.91,6.84,153.29,8.14,13.44,16.74,6.76,19.12,1.31,5.99,8.60,18.66,17.05,17.36,7.83,12.29}
{0.94,0.65,0.73,9.36,0.50,3.08,0.09,0.86,0.46,2.49,1.91,2.65}
{Inf,-65.51,-67.32,-68.44,-68.14,-70.13,-61.75,-57.99,-69.36,-63.74,-60.46,Inf,-69.07,-69.21,-49.58,-54.33,-64.15,-56.94,-68.89,-67.99,-68.86,-71.35,-67.76,-69.69,-64.26,-68.09,-68.56,Inf,-66.81,-68.53,-57.18,-64.62,-64.83,-64.54,-69.54,-65.24,-58.04,-66.46,-66.25,-70.23,-68.67,-59.11,Inf,-71.41,-60.30,-61.52,-65.58,-69.14,-67.75,-69.85,-64.41,-65.35,-64.01,-70.83,-70.96,-70.04,-70.68,-64.81,-60.29,-66.58,-68.69,-64.53,Inf,-53.46,-69.53,-65.19,-66.39,-59.65,-59.38,-70.99,-64.28,-64.92,-70.56,-69.25,-62.73,-69.62,-68.30,-67.77,Inf,-66.96,-64.54,-69.66,-63.99,-58.35,-69.72,-63.66,-64.86,-65.56,-71.32,-63.74,-70.53,-52.84,-66.99,-66.43,-58.86,-68.36,Inf,-69.80,-71.00,-70.66,-67.53,-67.50,-66.42,-67.37,-67.44,-67.18,-57.18,-69.24,-67.63,-66.91,Inf,-70.06,-70.29,-71.16,-67.88,-62.11,-61.27,-67.44,-64.84,-69.55,-71.05,-58.32,-66.76,-69.05,-66.26,Inf,-63.45,-68.73,-69.24,-64.26,-57.54,-65.60,-69.37,-62.06,-63.55,-71.37,-70.88,-69.81,-68.01,-70.93,-71.43,-70.82,Inf,-68.60,-64.59,-67.55,-69.51,-49.94,-68.24,-68.21,-61.86,-65.46,-67.59,-50.68,Inf,-65.55,-70.15,-66.98,-64.44,-56.41,-50.06,-62.38,-66.79,-54.42,-63.94,-53.87,-60.17,-64.74,-61.27,-68.30,-59.93,-61.49,-64.92,Inf,-69.05,-71.39,-60.69,-70.36,-62.88,-70.74,-68.64,-69.31,-61.24,-61.52,-51.69,-68.13,-61.16}
{Inf,-82.24,-101.93,-119.03,-81.17,-90.27,-105.74,-121.45,-100.20,-104.62,-115.08,-128.01;
-82.24,Inf,-82.24,-101.93,-90.27,-81.17,-90.27,-105.74,-104.62,-100.20,-104.62,-115.08;
-101.93,-82.24,Inf,-82.24,-105.74,-90.27,-81.17,-90.27,-115.08,-104.62,-100.20,-104.62;
-119.03,-101.93,-82.24,Inf,-121.45,-105.74,-90.27,-81.17,-128.01,-115.08,-104.62,-100.20;
-81.17,-90.27,-105.74,-121.45,Inf,-82.24,-101.93,-119.03,-81.17,-90.27,-105.74,-121.45;
-90.27,-81.17,-90.27,-105.74,-82.24,Inf,-82.24,-101.93,-90.27,-81.17,-90.27,-105.74;
-105.74,-90.27,-81.17,-90.27,-101.93,-82.24,Inf,-82.24,-105.74,-90.27,-81.17,-90.27;
-121.45,-105.74,-90.27,-81.17,-119.03,-101.93,-82.24,Inf,-121.45,-105.74,-90.27,-81.17;
-100.20,-104.62,-115.08,-128.01,-81.17,-90.27,-105.74,-121.45,Inf,-82.24,-101.93,-119.03;
-104.62,-100.20,-104.62,-115.08,-90.27,-81.17,-90.27,-105.74,-82.24,Inf,-82.24,-101.93;
-115.08,-104.62,-100.20,-104.62,-105.74,-90.27,-81.17,-90.27,-101.93,-82.24,Inf,-82.24;
-128.01,-115.08,-104.62,-100.20,-121.45,-105.74,-90.27,-81.17,-119.03,-101.93,-82.24,Inf}
 KOMONDOR SIMULATION 'sim_input_nodes_sce1b_deployment_03.csv' (seed 1992)
{94.69,0.92,15.21,18.74,2.15,14.05,17.20,2.15,1.84,2.30,4.30,15.82,55.60,9.06,8.99,1.31,0.84,1.92,1.54,0.84,3.23,0.69,6.14,0.23,5.15,6.30,9.37,71.50,6.37,2.23,1.31,0.92,2.92,1.54,1.08,9.60,5.84,6.99,4.92,3.76,10.98,0.84,9.14,3.07,197.22,12.06,10.29,14.21,1.61,15.05,15.28,3.69,17.13,14.44,4.45,14.36,8.83,15.67,11.67,14.44,12.29,11.75,52.84,4.45,4.15,3.53,2.61,4.30,1.08,3.76,5.61,3.69,4.99,1.84,0.46,3.38,3.07,4.38,1.54,46.23,9.22,8.76,3.15,10.83,1.23,0.46,0.54,1.31,6.07,2.00,2.69,46.46,6.99,3.15,4.07,5.07,2.46,0.23,3.76,2.92,3.07,3.07,3.38,0.08,3.76,1.31,0.31,2.84,45.24,2.92,5.15,3.30,0.69,4.38,3.07,0.08,3.76,1.46,3.76,4.92,4.07,2.07,3.23,2.38,205.52,17.28,19.12,21.04,13.36,19.97,23.19,22.20,16.97,20.89,21.50,9.98,66.66,3.69,2.30,3.76,1.61,6.30,2.15,6.60,5.99,1.84,4.92,1.31,1.38,3.69,2.15,5.38,4.99,3.53,5.07,79.26,5.61,5.07,7.45,0.31,5.22,6.22,2.46,6.91,2.30,2.23,2.69,2.30,6.45,5.07,3.23,4.99,5.99,2.46,1.38,0.92,188.62,11.67,11.52,10.75,8.99,11.75,8.37,12.06,9.60,7.45,10.14,9.91,13.29,8.22,0.38,11.98,8.45,11.21,12.67,10.21}
{0.85,0.21,3.48,0.48,2.73,1.55,0.36,0.50,2.09,6.31,7.17,1.99}
{Inf,-70.51,-60.59,-59.92,-70.14,-59.82,-60.73,-70.91,-71.39,-70.16,-70.92,-67.10,Inf,-58.76,-63.23,-71.10,-69.66,-68.13,-71.09,-70.07,-66.70,-71.23,-68.95,-70.51,-68.54,-65.47,-56.96,Inf,-62.96,-67.15,-71.39,-71.00,-69.19,-69.64,-70.07,-63.46,-64.55,-65.08,-66.63,-66.97,-50.70,-70.05,-53.16,-67.87,Inf,-64.82,-70.70,-51.00,-69.45,-52.76,-52.17,-70.41,-61.89,-69.81,-69.46,-64.72,-66.98,-67.94,-64.74,-71.44,-51.40,-69.06,Inf,-62.54,-66.23,-63.64,-66.13,-52.01,-70.63,-65.09,-69.10,-63.53,-59.24,-69.90,-70.66,-67.06,-71.17,-65.06,-67.86,Inf,-59.91,-61.24,-66.59,-56.07,-69.83,-70.07,-70.81,-70.60,-62.23,-67.15,-68.46,Inf,-60.14,-66.11,-64.72,-64.52,-67.08,-69.25,-65.31,-66.55,-64.93,-66.59,-67.79,-70.77,-64.10,-69.21,-69.38,-68.25,Inf,-64.56,-52.55,-71.16,-70.30,-61.28,-64.15,-70.20,-67.62,-69.39,-64.04,-61.96,-58.31,-71.29,-63.61,-67.80,Inf,-59.61,-69.82,-71.44,-62.24,-67.12,-56.42,-53.91,-56.46,-68.91,-63.79,-64.79,Inf,-67.17,-71.01,-69.61,-67.70,-63.47,-71.07,-62.04,-59.34,-71.16,-66.71,-69.72,-68.28,-66.44,-70.20,-64.59,-62.63,-63.42,-63.74,Inf,-63.40,-67.56,-54.12,-70.70,-62.65,-58.26,-71.39,-61.63,-69.25,-71.03,-67.78,-70.92,-68.92,-63.83,-63.39,-68.80,-61.41,-66.42,-67.14,-70.13,Inf,-69.65,-57.85,-61.82,-63.44,-69.21,-63.50,-69.83,-70.68,-69.88,-62.84,-58.87,-59.93,-68.14,-70.43,-70.60,-69.32,-56.20,-60.12,-71.06}
{Inf,-82.24,-101.93,-119.03,-81.17,-90.27,-105.74,-121.45,-100.20,-104.62,-115.08,-128.01;
-82.24,Inf,-82.24,-101.93,-90.27,-81.17,-90.27,-105.74,-104.62,-100.20,-104.62,-115.08;
-101.93,-82.24,Inf,-82.24,-105.74,-90.27,-81.17,-90.27,-115.08,-104.62,-100.20,-104.62;
-119.03,-101.93,-82.24,Inf,-121.45,-105.74,-90.27,-81.17,-128.01,-115.08,-104.62,-100.20;
-81.17,-90.27,-105.74,-121.45,Inf,-82.24,-101.93,-119.03,-81.17,-90.27,-105.74,-121.45;
-90.27,-81.17,-90.27,-105.74,-82.24,Inf,-82.24,-101.93,-90.27,-81.17,-90.27,-105.74;
-105.74,-90.27,-81.17,-90.27,-101.93,-82.24,Inf,-82.24,-105.74,-90.27,-81.17,-90.27;
-121.45,-105.74,-90.27,-81.17,-119.03,-101.93,-82.24,Inf,-121.45,-105.74,-90.27,-81.17;
-100.20,-104.62,-115.08,-128.01,-81.17,-90.27,-105.74,-121.45,Inf,-82.24,-101.93,-119.03;
-104.62,-100.20,-104.62,-115.08,-90.27,-81.17,-90.27,-105.74,-82.24,Inf,-82.24,-101.93;
-115.08,-104.62,-100.20,-104.62,-105.74,-90.27,-81.17,-90.27,-101.93,-82.24,Inf,-82.24;
-128.01,-115.08,-104.62,-100.20,-121.45,-105.74,-90.27,-81.17,-119.03,-101.93,-82.24,Inf}
 KOMONDOR SIMULATION 'sim_input_nodes_sce1b_deployment_04.csv' (seed 1992)
{169.73,0.77,14.82,14.21,14.36,11.21,2.30,14.13,11.83,9.52,13.90,14.52,4.30,3.84,14.90,13.06,12.06,76.49,8.76,2.23,8.14,2.23,3.07,8.60,1.31,5.22,9.14,5.99,11.75,9.37,0.69,75.34,4.38,9.68,5.30,0.84,9.06,4.61,3.53,0.92,6.30,2.38,0.46,1.15,8.37,6.53,6.53,2.46,2.84,148.45,9.75,1.61,15.97,15.74,16.51,4.15,16.67,15.51,9.75,16.67,10.06,13.36,2.69,38.40,2.30,1.31,1.77,2.84,2.30,2.61,1.84,2.15,4.38,1.84,1.77,1.92,2.69,1.69,2.61,3.53,0.46,0.38,63.05,1.00,13.21,1.31,0.61,10.83,10.37,12.29,8.22,3.61,0.15,1.46,53.61,5.99,0.69,4.68,0.38,0.46,7.22,0.38,1.77,2.00,4.68,4.38,5.84,1.08,2.53,7.60,3.92,57.06,4.30,3.53,4.99,6.14,2.53,2.00,5.07,3.76,2.76,3.99,4.61,3.92,1.61,4.38,3.46,210.43,5.91,4.76,17.51,14.82,12.67,17.28,10.37,17.66,18.66,4.84,19.20,16.44,12.13,18.51,12.90,6.76,86.32,7.53,6.91,0.38,8.29,4.07,5.91,2.69,5.84,5.15,3.15,9.45,7.68,2.46,0.54,2.30,5.99,7.99,68.51,3.69,6.22,8.06,3.99,3.30,0.31,8.76,4.15,7.99,8.52,0.31,8.22,2.53,2.46,169.34,9.98,13.59,9.83,9.75,12.90,13.21,12.75,6.07,13.21,6.91,5.53,10.37,2.61,6.45,9.29,4.61,12.60,9.68}
{5.72,1.71,4.31,1.03,0.30,3.21,1.50,1.12,2.94,3.55,4.37,5.36}
{Inf,-70.37,-69.97,-54.86,-63.52,-62.29,-70.90,-58.66,-60.56,-63.46,-66.95,-61.89,-68.82,-71.26,-58.93,-71.40,-62.18,Inf,-63.03,-68.69,-64.61,-69.27,-68.37,-65.70,-69.20,-70.02,-61.01,-65.01,-51.47,-64.73,-70.78,Inf,-67.49,-50.59,-67.40,-69.47,-60.68,-69.78,-62.98,-70.70,-69.47,-69.28,-71.04,-70.29,-63.60,-62.93,-64.90,-65.29,-69.56,Inf,-67.42,-70.38,-61.11,-60.69,-64.86,-69.34,-71.42,-65.52,-68.35,-65.49,-70.91,-63.80,-71.28,Inf,-66.34,-68.01,-68.43,-63.82,-63.99,-62.56,-65.39,-68.86,-58.25,-68.18,-67.50,-67.98,-68.67,-66.37,-60.88,-64.22,-70.07,-69.38,Inf,-69.94,-56.27,-69.59,-69.00,-61.94,-60.58,-54.68,-61.83,-68.86,-70.00,-68.81,Inf,-62.00,-71.42,-63.93,-69.27,-71.37,-50.48,-68.06,-69.91,-66.55,-60.85,-63.33,-63.83,-70.43,-66.94,-58.34,-63.84,Inf,-59.17,-69.80,-67.71,-66.76,-67.27,-67.93,-57.46,-56.57,-66.89,-59.75,-63.20,-63.36,-68.07,-68.32,-61.68,Inf,-69.18,-66.70,-56.50,-65.09,-51.08,-58.31,-65.94,-69.08,-61.00,-67.02,-66.48,-63.98,-64.74,-61.56,-68.66,-67.38,Inf,-60.78,-64.60,-70.23,-60.46,-65.53,-61.93,-67.03,-63.72,-63.62,-69.65,-58.75,-63.31,-69.44,-69.97,-68.32,-65.18,-59.28,Inf,-66.45,-69.53,-61.61,-66.38,-69.19,-70.86,-59.95,-71.10,-61.68,-61.37,-70.32,-68.01,-67.68,-68.90,Inf,-67.36,-68.79,-56.08,-60.35,-62.59,-64.15,-54.91,-65.71,-69.07,-67.91,-67.03,-71.21,-68.38,-64.38,-70.45,-65.97,-64.58,-61.87}
{Inf,-82.24,-101.93,-119.03,-81.17,-90.27,-105.74,-121.45,-100.20,-104.62,-115.08,-128.01;
-82.24,Inf,-82.24,-101.93,-90.27,-81.17,-90.27,-105.74,-104.62,-100.20,-104.62,-115.08;
-101.93,-82.24,Inf,-82.24,-105.74,-90.27,-81.17,-90.27,-115.08,-104.62,-100.20,-104.62;
-119.03,-101.93,-82.24,Inf,-121.45,-105.74,-90.27,-81.17,-128.01,-115.08,-104.62,-100.20;
-81.17,-90.27,-105.74,-121.45,Inf,-82.24,-101.93,-119.03,-81.17,-90.27,-105.74,-121.45;
-90.27,-81.17,-90.27,-105.74,-82.24,Inf,-82.24,-101.93,-90.27,-81.17,-90.27,-105.74;
-105.74,-90.27,-81.17,-90.27,-101.93,-82.24,Inf,-82.24,-105.74,-90.27,-81.17,-90.27;
-121.45,-105.74,-90.27,-81.17,-119.03,-101.93,-82.24,Inf,-121.45,-105.74,-90.27,-81.17;
-100.20,-104.62,-115.08,-128.01,-81.17,-90.27,-105.74,-121.45,Inf,-82.24,-101.93,-119.03;
-104.62,-100.20,-104.62,-115.08,-90.27,-81.17,-90.27,-105.74,-82.24,Inf,-82.24,-101.93;
-115.08,-104.62,-100.20,-104.62,-105.74,-90.27,-81.17,-90.27,-101.93,-82.24,Inf,-82.24;
-128.01,-115.08,-104.62,-100.20,-121.45,-105.74,-90.27,-81.17,-119.03,-101.93,-82.24,Inf}
 KOMONDOR SIMULATION 'sim_input_nodes_sce1b_deployment_05.csv' (seed 1992)
{168.88,5.53,15.28,10.21,13.82,3.38,12.83,7.83,11.06,12.44,10.60,12.44,7.76,13.44,3.99,8.76,14.82,4.68,68.35,7.76,1.84,8.52,0.38,6.99,7.22,6.37,0.61,1.00,4.15,1.54,2.38,5.61,2.23,2.84,3.07,5.84,37.63,1.15,1.08,2.00,8.06,0.31,3.92,6.53,2.38,0.84,9.37,2.00,187.62,3.99,14.44,14.36,12.83,14.05,9.83,9.60,13.90,1.69,7.22,10.91,14.67,10.52,13.52,10.52,13.29,12.29,44.47,1.69,4.07,1.15,4.99,2.46,0.46,4.92,2.00,3.61,2.00,2.76,3.92,5.07,5.38,44.70,1.77,2.92,1.84,4.92,1.31,5.53,2.00,0.54,3.92,0.54,2.76,0.23,2.76,2.07,0.31,2.46,2.00,2.61,3.53,0.69,57.45,1.69,7.76,5.30,0.46,6.76,0.08,1.84,4.68,0.08,3.00,3.23,3.07,4.76,5.61,0.54,2.76,0.15,5.68,37.32,0.46,2.69,2.23,3.15,2.84,0.23,4.22,0.23,3.69,1.77,3.61,1.77,1.15,0.08,4.07,2.84,2.30,142.92,16.28,5.76,16.82,15.05,5.15,13.59,12.21,16.20,5.84,18.43,13.06,4.53,78.11,7.22,5.45,8.60,4.53,4.07,2.76,8.06,4.99,6.22,5.91,2.23,1.77,4.99,9.22,0.23,1.84,68.66,0.31,5.22,8.52,2.69,2.53,1.61,7.22,4.84,4.38,0.15,2.07,3.92,3.92,4.99,5.53,1.84,0.46,2.23,3.76,2.46,134.48,8.99,7.53,2.92,6.68,9.52,5.30,7.60,3.38,4.76,11.90,11.60,2.07,6.84,8.99,7.30,1.15,6.68,10.29,7.37,3.61}
{1.71,2.31,6.19,0.49,0.30,0.64,3.12,0.61,0.85,2.15,3.77,11.45}
{Inf,-68.97,-66.20,-52.35,-70.14,-69.89,-62.90,-70.72,-57.21,-66.26,-63.64,-70.06,-61.69,-57.13,-69.09,-65.34,-69.75,-66.05,Inf,-55.85,-70.61,-55.99,-70.84,-59.05,-68.19,-67.52,-70.03,-69.44,-71.39,-69.09,-66.75,-60.38,-64.76,-68.46,-65.58,-66.10,Inf,-69.46,-70.51,-70.27,-61.37,-71.26,-63.77,-68.74,-71.14,-70.14,-64.82,-71.33,Inf,-66.93,-63.40,-62.51,-66.34,-69.28,-67.35,-70.69,-67.41,-69.60,-68.49,-63.52,-69.62,-66.95,-67.30,-68.17,-57.48,-71.12,Inf,-68.16,-57.49,-70.79,-58.24,-67.59,-70.68,-60.49,-66.84,-63.89,-68.20,-63.10,-69.82,-65.50,-58.53,Inf,-66.94,-64.69,-66.70,-58.17,-67.86,-64.36,-68.30,-70.17,-62.83,-70.16,-64.52,-71.38,-66.17,-68.74,-71.43,-67.73,-66.83,-66.83,-64.85,-69.78,Inf,-69.20,-55.26,-61.57,-70.23,-57.77,-70.82,-67.89,-61.04,-70.91,-65.76,-66.81,-67.63,-63.38,-49.91,-70.46,-67.91,-70.17,-64.37,Inf,-70.59,-62.99,-66.48,-62.17,-69.82,-71.25,-61.40,-70.73,-55.95,-65.62,-67.60,-66.79,-70.25,-70.95,-49.51,-62.70,-68.04,Inf,-71.45,-67.79,-68.30,-71.07,-68.42,-70.32,-71.11,-68.42,-65.38,-60.27,-65.85,-70.83,Inf,-63.37,-70.93,-60.07,-67.83,-67.01,-67.27,-61.69,-59.69,-62.30,-70.73,-67.96,-70.65,-66.35,-57.79,-70.24,-71.24,Inf,-70.62,-51.30,-53.32,-71.16,-71.10,-65.30,-48.38,-66.60,-67.71,-70.89,-64.45,-65.61,-68.62,-64.64,-56.81,-67.95,-71.36,-69.75,-65.45,-69.81,Inf,-63.20,-60.75,-68.70,-65.19,-66.29,-62.41,-60.83,-68.01,-65.74,-69.37,-63.68,-69.36,-65.05,-66.24,-71.03,-70.11,-66.25,-63.96,-68.10,-68.59}
{Inf,-82.24,-101.93,-119.03,-81.17,-90.27,-105.74,-121.45,-100.20,-104.62,-115.08,-128.01;
-82.24,Inf,-82.24,-101.93,-90.27,-81.17,-90.27,-105.74,-104.62,-100.20,-104.62,-115.08;
-101.93,-82.24,Inf,-82.24,-105.74,-90.27,-81.17,-90.27,-115.08,-104.62,-100.20,-104.62;
-119.03,-101.93,-82.24,Inf,-121.45,-105.74,-90.27,-81.17,-128.01,-115.08,-104.62,-100.20;
-81.17,-90.27,-105.74,-121.45,Inf,-82.24,-101.93,-119.03,-81.17,-90.27,-105.74,-121.45;
-90.27,-81.17,-90.27,-105.74,-82.24,Inf,-82.24,-101.93,-90.27,-81.17,-90.27,-105.74;
-105.74,-90.27,-81.17,-90.27,-101.93,-82.24,Inf,-82.24,-105.74,-90.27,-81.17,-90.27;
-121.45,-105.74,-90.27,-81.17,-119.03,-101.93,-82.24,Inf,-121.45,-105.74,-90.27,-81.17;
-100.20,-104.62,-115.08,-128.01,-81.17,-90.27,-105.74,-121.45,Inf,-82.24,-101.93,-119.03;
-104.62,-100.20,-104.62,-115.08,-90.27,-81.17,-90.27,-105.74,-82.24,Inf,-82.24,-101.93;
-115.08,-104.62,-100.20,-104.62,-105.74,-90.27,-81.17,-90.27,-101.93,-82.24,Inf,-82.24;
-128.01,-115.08,-104.62,-100.20,-121.45,-105.74,-90.27,-81.17,-119.03,-101.93,-82.24,Inf}
 KOMONDOR SIMULATION 'sim_input_nodes_sce1b_deployment_06.csv' (seed 1992)
{170.34,12.90,14.36,12.60,13.98,6.22,13.75,12.52,14.05,5.53,12.67,11.90,1.61,3.23,9.60,15.97,9.45,66.28,4.99,1.31,3.84,8.14,1.23,0.38,5.38,2.76,5.15,3.76,2.30,1.23,4.61,3.53,3.76,1.69,6.37,2.07,3.76,43.93,1.31,5.30,0.77,0.77,1.61,0.15,1.61,2.30,6.22,1.31,0.31,0.69,0.54,2.38,1.54,7.60,2.15,5.76,1.61,192.61,26.19,9.83,16.74,25.11,8.91,26.57,15.67,23.96,15.28,24.35,49.15,6.60,3.38,6.99,2.53,6.60,5.99,0.38,2.92,4.07,1.69,5.76,2.23,57.29,0.77,0.23,3.15,5.61,6.14,3.15,6.22,1.46,6.60,4.84,2.38,0.08,1.84,5.99,3.53,3.00,2.30,47.23,7.14,0.69,0.54,2.38,5.45,6.53,3.07,2.30,0.00,0.23,8.91,2.76,0.00,7.22,50.61,2.69,0.46,2.61,3.53,1.08,2.92,2.53,3.61,3.92,2.69,1.92,1.61,2.38,3.38,1.38,1.92,2.23,2.61,2.92,4.22,211.35,14.44,2.92,9.68,13.13,13.21,12.67,9.22,14.21,12.75,12.83,12.29,10.29,14.36,0.69,14.05,11.44,6.14,12.29,14.75,80.03,3.38,3.07,3.00,2.07,4.15,4.22,4.07,9.91,12.06,4.30,10.21,10.75,2.53,6.30,87.09,9.45,8.45,5.99,9.37,7.76,0.92,3.76,2.92,8.60,7.76,6.76,6.60,2.92,5.61,0.23,185.70,7.76,3.15,12.44,10.37,8.29,8.99,10.98,5.76,11.44,12.29,12.98,8.60,10.75,6.91,10.06,12.75,8.52,13.06,10.60}
{3.12,0.56,0.08,3.23,0.48,1.36,1.75,0.85,1.61,7.74,0.31,7.41}
{Inf,-70.25,-68.97,-60.26,-59.67,-66.45,-62.76,-68.08,-59.01,-66.66,-60.62,-60.22,-70.14,-70.62,-65.03,-52.67,-70.80,Inf,-61.58,-70.92,-66.51,-57.51,-69.43,-70.08,-66.13,-68.16,-62.93,-67.50,-68.31,-68.69,-70.85,-67.85,-70.47,-68.24,-49.15,-67.90,-67.54,Inf,-70.69,-69.95,-69.96,-70.58,-69.16,-70.86,-68.09,-68.13,-66.25,-68.17,-70.71,-71.43,-70.71,-68.35,-70.97,-55.39,-67.32,-63.68,-69.69,Inf,-67.17,-66.57,-69.55,-67.28,-68.18,-65.99,-63.08,-58.73,-70.32,-56.52,Inf,-55.20,-64.10,-55.95,-65.75,-55.22,-69.71,-70.19,-66.53,-63.43,-68.93,-57.36,-65.74,Inf,-70.33,-70.71,-66.14,-55.52,-57.64,-64.88,-58.99,-67.53,-60.61,-64.63,-68.20,-71.31,-68.93,-59.77,-68.35,-67.70,-68.75,Inf,-63.21,-70.78,-70.52,-67.61,-62.94,-62.62,-66.31,-68.18,-70.60,-70.06,-56.75,-68.25,-70.22,-62.59,Inf,-56.14,-70.46,-55.45,-62.10,-70.41,-60.67,-69.87,-62.35,-68.14,-68.52,-65.87,-68.33,-70.04,-61.64,-65.27,-68.20,-68.43,-61.71,-63.86,-56.10,Inf,-56.93,-71.27,-71.28,-60.10,-60.01,-62.20,-68.29,-68.50,-70.16,-65.67,-58.17,-58.70,-56.29,-70.07,-54.11,-69.82,-66.66,-67.35,-45.14,Inf,-70.14,-67.51,-67.65,-65.15,-62.83,-66.41,-65.30,-61.36,-50.86,-69.28,-60.78,-56.10,-67.59,-67.30,Inf,-57.85,-64.49,-63.95,-50.63,-62.30,-70.61,-66.37,-64.69,-65.25,-66.72,-64.43,-66.22,-68.03,-66.97,-70.33,Inf,-63.12,-69.87,-71.08,-70.58,-61.99,-61.71,-55.96,-65.08,-61.44,-61.02,-58.82,-61.18,-61.54,-66.22,-68.17,-56.15,-67.39,-59.54,-70.93}
{Inf,-82.24,-101.93,-119.03,-81.17,-90.27,-105.74,-121.45,-100.20,-104.62,-115.08,-128.01;
-82.24,Inf,-82.24,-101.93,-90.27,-81.17,-90.27,-105.74,-104.62,-100.20,-104.62,-115.08;
-101.93,-82.24,Inf,-82.24,-105.74,-90.27,-81.17,-90.27,-115.08,-104.62,-100.20,-104.62;
-119.03,-101.93,-82.24,Inf,-121.45,-105.74,-90.27,-81.17,-128.01,-115.08,-104.62,-100.20;
-81.17,-90.27,-105.74,-121.45,Inf,-82.24,-101.93,-119.03,-81.17,-90.27,-105.74,-121.45;
-90.27,-81.17,-90.27,-105.74,-82.24,Inf,-82.24,-101.93,-90.27,-81.17,-90.27,-105.74;
-105.74,-90.27,-81.17,-90.27,-101.93,-82.24,Inf,-82.24,-105.74,-90.27,-81.17,-90.27;
-121.45,-105.74,-90.27,-81.17,-119.03,-101.93,-82.24,Inf,-121.45,-105.74,-90.27,-81.17;
-100.20,-104.62,-115.08,-128.01,-81.17,-90.27,-105.74,-121.45,Inf,-82.24,-101.93,-119.03;
-104.62,-100.20,-104.62,-115.08,-90.27,-81.17,-90.27,-105.74,-82.24,Inf,-82.24,-101.93;
-115.08,-104.62,-100.20,-104.62,-105.74,-90.27,-81.17,-90.27,-101.93,-82.24,Inf,-82.24;
-128.01,-115.08,-104.62,-100.20,-121.45,-105.74,-90.27,-81.17,-119.03,-101.93,-82.24,Inf}
 KOMONDOR SIMULATION 'sim_input_nodes_sce1b_deployment_07.csv' (seed 1992)
{137.70,13.36,8.99,4.15,5.53,7.45,7.07,8.83,7.30,8.06,9.14,4.68,12.36,12.90,3.23,12.36,6.68,5.61,87.86,2.15,10.98,4.61,6.84,11.67,2.84,12.13,3.99,11.83,5.38,12.06,3.38,92.08,0.84,6.68,4.68,4.92,5.53,5.07,0.92,7.37,2.61,5.22,0.46,7.60,8.22,4.45,6.45,6.30,3.92,2.46,0.84,7.53,111.59,14.36,12.75,1.38,0.77,17.13,21.20,18.12,4.84,6.45,14.59,38.78,1.77,1.08,0.23,2.15,1.61,3.53,3.53,0.84,3.00,2.30,1.54,0.23,2.07,1.92,1.23,3.69,2.07,2.69,0.38,2.92,53.38,1.46,5.30,6.22,1.69,5.53,1.00,0.23,2.84,6.84,0.15,5.68,1.15,0.31,1.69,3.99,5.68,0.54,0.31,2.76,38.25,2.15,1.38,0.92,5.91,7.53,9.52,0.54,2.07,0.23,7.76,0.23,46.23,1.31,2.30,2.61,3.69,0.23,0.15,0.61,1.61,3.53,4.30,4.07,4.22,1.54,4.53,1.31,3.23,3.30,3.69,144.77,7.22,13.98,14.05,10.44,11.83,12.67,4.45,13.21,3.92,6.45,4.15,12.90,15.82,5.76,7.91,91.70,7.22,5.76,9.60,4.22,5.53,5.84,2.07,1.15,7.45,8.60,9.83,9.60,3.76,11.06,74.80,5.45,0.61,7.14,3.76,8.06,0.54,5.38,4.07,2.00,3.69,7.60,0.31,8.06,3.00,7.07,8.06,174.87,0.92,11.98,16.97,13.29,18.66,9.45,15.74,13.82,12.60,21.12,19.05,21.27}
{1.70,0.55,6.56,0.18,0.39,1.06,2.43,1.43,0.58,0.85,7.59,15.02}
{Inf,-61.16,-67.11,-66.84,-64.64,-69.13,-67.80,-68.12,-65.86,-66.97,-67.91,-67.65,-70.31,-63.74,-68.33,-68.20,-63.72,-69.54,Inf,-71.18,-60.34,-69.08,-68.21,-59.84,-69.47,-61.25,-68.38,-68.44,-63.92,-57.28,-67.31,Inf,-70.82,-68.29,-65.23,-66.61,-62.64,-66.73,-68.91,-68.22,-67.81,-61.09,-71.34,-58.59,-57.23,-64.65,-48.90,-63.43,-64.50,-68.69,-70.22,-61.92,Inf,-68.97,-63.80,-71.24,-71.37,-65.36,-70.72,-68.06,-70.36,-71.19,-70.76,Inf,-68.52,-66.32,-70.72,-69.24,-65.02,-69.27,-59.92,-69.40,-64.44,-65.28,-70.34,-70.25,-69.63,-61.07,-67.93,-61.18,-69.10,-54.74,-70.21,-64.35,Inf,-69.13,-60.18,-58.38,-68.59,-49.83,-69.39,-69.02,-66.61,-58.60,-70.87,-60.64,-66.39,-71.39,-67.23,-65.58,-60.98,-70.16,-71.14,-67.25,Inf,-68.65,-69.35,-69.25,-65.13,-62.96,-63.84,-71.00,-69.06,-70.73,-62.31,-71.25,Inf,-68.43,-67.78,-62.49,-58.39,-71.14,-70.33,-69.96,-70.54,-59.57,-59.07,-55.78,-66.98,-66.71,-53.96,-68.82,-59.38,-61.97,-48.40,Inf,-65.58,-64.95,-61.36,-58.34,-70.35,-68.11,-70.54,-68.91,-67.59,-68.63,-70.93,-55.97,-66.36,-66.09,-70.40,Inf,-61.72,-68.80,-60.91,-69.61,-68.33,-66.44,-69.28,-71.40,-70.74,-60.34,-57.97,-68.05,-66.00,-61.55,Inf,-65.62,-71.07,-64.00,-64.15,-63.03,-70.70,-68.15,-66.74,-64.66,-69.24,-59.66,-69.93,-53.35,-64.86,-63.04,-56.91,Inf,-71.06,-70.65,-61.32,-63.23,-59.32,-66.45,-56.50,-61.91,-63.34,-63.27,-50.13,-56.88}
{Inf,-82.24,-101.93,-119.03,-81.17,-90.27,-105.74,-121.45,-100.20,-104.62,-115.08,-128.01;
-82.24,Inf,-82.24,-101.93,-90.27,-81.17,-90.27,-105.74,-104.62,-100.20,-104.62,-115.08;
-101.93,-82.24,Inf,-82.24,-105.74,-90.27,-81.17,-90.27,-115.08,-104.62,-100.20,-104.62;
-119.03,-101.93,-82.24,Inf,-121.45,-105.74,-90.27,-81.17,-128.01,-115.08,-104.62,-100.20;
-81.17,-90.27,-105.74,-121.45,Inf,-82.24,-101.93,-119.03,-81.17,-90.27,-105.74,-121.45;
-90.27,-81.17,-90.27,-105.74,-82.24,Inf,-82.24,-101.93,-90.27,-81.17,-90.27,-105.74;
-105.74,-90.27,-81.17,-90.27,-101.93,-82.24,Inf,-82.24,-105.74,-90.27,-81.17,-90.27;
-121.45,-105.74,-90.27,-81.17,-119.03,-101.93,-82.24,Inf,-121.45,-105.74,-90.27,-81.17;
-100.20,-104.62,-115.08,-128.01,-81.17,-90.27,-105.74,-121.45,Inf,-82.24,-101.93,-119.03;
-104.62,-100.20,-104.62,-115.08,-90.27,-81.17,-90.27,-105.74,-82.24,Inf,-82.24,-101.93;
-115.08,-104.62,-100.20,-104.62,-105.74,-90.27,-81.17,-90.27,-101.93,-82.24,Inf,-82.24;
-128.01,-115.08,-104.62,-100.20,-121.45,-105.74,-90.27,-81.17,-119.03,-101.93,-82.24,Inf}
 KOMONDOR SIMULATION 'sim_input_nodes_sce1b_deployment_08.csv' (seed 1992)
{225.41,18.66,23.12,20.28,24.65,2.84,18.59,25.88,24.12,23.50,21.81,21.96,61.75,5.61,7.45,4.53,7.60,2.30,12.52,12.21,7.83,0.46,1.23,88.78,1.69,5.45,0.54,1.69,3.84,7.37,1.77,7.68,7.45,6.14,6.07,4.76,4.15,6.91,0.92,8.29,4.38,4.84,1.61,3.23,125.49,8.14,11.21,9.60,2.38,12.06,12.90,3.46,7.37,4.07,12.52,11.75,1.23,11.14,1.08,7.76,8.83,39.63,2.61,2.00,3.69,5.22,5.53,1.15,4.53,0.69,2.38,1.54,5.15,3.23,1.54,0.38,60.21,5.30,5.30,3.46,4.84,6.60,0.38,2.69,0.08,4.53,4.92,4.53,2.07,1.77,2.30,4.92,6.53,95.23,2.69,10.60,2.69,4.68,12.36,10.44,11.29,10.21,0.61,11.29,8.45,9.29,0.61,40.86,4.07,6.91,2.92,0.54,0.61,2.00,1.00,0.54,4.99,4.99,4.76,4.07,3.46,153.37,3.00,3.15,7.68,8.52,7.91,0.77,12.21,11.90,6.14,11.37,8.14,9.83,12.90,8.22,5.45,3.46,10.98,8.91,12.83,85.86,7.22,0.23,9.37,6.60,2.53,4.15,7.45,8.52,4.76,2.15,2.53,5.68,0.84,1.84,8.68,6.76,6.53,79.56,2.00,11.52,2.92,1.69,12.06,3.76,12.83,2.38,5.53,12.44,8.68,3.76,164.20,3.00,3.15,13.82,11.29,3.76,6.14,12.06,13.90,5.61,14.21,10.91,12.29,14.05,6.37,14.05,6.60,12.98}
{2.61,7.54,0.56,7.22,0.16,3.74,3.73,0.07,1.95,5.70,1.08,0.24}
{Inf,-66.21,-52.38,-69.82,-63.09,-69.46,-58.26,-61.28,-68.15,-56.60,-69.97,-64.81,Inf,-63.51,-65.01,-65.01,-65.09,-69.85,-61.32,-62.27,-69.90,-70.71,-70.95,Inf,-68.19,-67.93,-70.91,-69.16,-65.91,-53.97,-70.51,-52.15,-61.86,-65.96,-60.12,-65.47,-66.73,-61.85,-68.57,-60.20,-65.45,-65.23,-69.43,-66.35,Inf,-69.32,-68.47,-64.36,-70.00,-70.47,-64.68,-66.83,-63.32,-69.95,-70.58,-65.26,-69.94,-62.56,-70.93,-63.14,-68.93,Inf,-66.96,-70.04,-64.06,-56.46,-68.08,-70.35,-63.96,-70.84,-70.81,-67.78,-59.13,-65.17,-68.39,-70.08,Inf,-61.99,-61.13,-63.65,-62.82,-56.39,-69.28,-65.94,-69.90,-64.68,-63.48,-64.48,-67.54,-68.11,-66.24,-61.72,-63.55,Inf,-68.54,-56.64,-69.14,-66.91,-46.19,-62.17,-53.56,-57.57,-69.80,-46.29,-61.54,-61.32,-71.22,Inf,-69.84,-60.68,-67.90,-70.18,-70.81,-65.97,-69.97,-71.23,-45.81,-65.48,-70.17,-67.63,-69.95,Inf,-68.54,-71.29,-67.31,-65.32,-62.89,-71.28,-68.15,-69.07,-65.69,-56.78,-70.16,-58.28,-58.59,-64.53,-65.02,-68.89,-60.92,-59.80,-64.90,Inf,-58.64,-70.77,-57.11,-67.51,-71.39,-65.08,-60.54,-59.84,-61.98,-69.91,-67.01,-65.35,-70.52,-71.03,-58.87,-66.68,-62.54,Inf,-70.40,-59.49,-69.76,-71.30,-48.06,-69.03,-54.44,-69.44,-66.32,-56.96,-65.32,-65.09,Inf,-69.93,-69.44,-68.80,-60.83,-69.64,-69.95,-67.94,-70.90,-68.47,-47.51,-65.80,-69.43,-67.74,-66.34,-59.80,-66.51,-65.47}
{Inf,-82.24,-101.93,-119.03,-81.17,-90.27,-105.74,-121.45,-100.20,-104.62,-115.08,-128.01;
-82.24,Inf,-82.24,-101.93,-90.27,-81.17,-90.27,-105.74,-104.62,-100.20,-104.62,-115.08;
-101.93,-82.24,Inf,-82.24,-105.74,-90.27,-81.17,-90.27,-115.08,-104.62,-100.20,-104.62;
-119.03,-101.93,-82.24,Inf,-121.45,-105.74,-90.27,-81.17,-128.01,-115.08,-104.62,-100.20;
-81.17,-90.27,-105.74,-121.45,Inf,-82.24,-101.93,-119.03,-81.17,-90.27,-105.74,-121.45;
-90.27,-81.17,-90.27,-105.74,-82.24,Inf,-82.24,-101.93,-90.27,-81.17,-90.27,-105.74;
-105.74,-90.27,-81.17,-90.27,-101.93,-82.24,Inf,-82.24,-105.74,-90.27,-81.17,-90.27;
-121.45,-105.74,-90.27,-81.17,-119.03,-101.93,-82.24,Inf,-121.45,-105.74,-90.27,-81.17;
-100.20,-104.62,-115.08,-128.01,-81.17,-90.27,-105.74,-121.45,Inf,-82.24,-101.93,-119.03;
-104.62,-100.20,-104.62,-115.08,-90.27,-81.17,-90.27,-105.74,-82.24,Inf,-82.24,-101.93;
-115.08,-104.62,-100.20,-104.62,-105.74,-90.27,-81.17,-90.27,-101.93,-82.24,Inf,-82.24;
-128.01,-115.08,-104.62,-100.20,-121.45,-105.74,-90.27,-81.17,-119.03,-101.93,-82.24,Inf}
 KOMONDOR SIMULATION 'sim_input_nodes_sce1b_deployment_09.csv' (seed 1992)
{187.39,16.20,14.82,16.20,19.66,17.97,5.84,7.22,18.89,19.28,12.13,20.66,18.51,70.89,11.14,2.53,12.36,15.44,3.99,4.15,3.69,6.91,5.61,5.07,80.10,0.61,2.61,9.98,2.53,6.53,7.22,7.22,3.69,5.38,13.36,11.44,9.52,188.16,13.59,8.60,6.37,1.23,9.83,12.83,9.22,13.59,4.45,15.05,11.98,12.67,10.83,13.75,5.68,15.74,10.68,2.15,9.91,49.46,2.30,4.61,3.76,3.15,2.46,4.92,4.99,3.84,3.30,6.37,0.31,5.07,2.53,1.84,86.63,6.14,5.91,8.52,3.92,9.06,5.15,4.84,4.76,0.54,2.38,8.14,10.52,4.45,1.31,3.46,5.15,2.38,31.64,0.15,4.53,1.23,4.61,2.00,0.15,2.07,0.92,1.38,4.45,3.92,0.08,0.84,0.38,4.92,45.70,1.08,1.92,2.07,3.23,1.69,1.54,3.23,3.15,3.38,2.00,1.38,3.61,2.46,2.76,3.07,0.08,2.61,3.76,2.69,167.65,25.42,23.58,1.00,24.42,6.37,2.30,19.20,23.65,23.88,17.82,51.38,4.84,2.30,3.99,2.46,4.15,1.61,0.00,9.60,9.37,6.30,1.69,4.38,0.69,73.96,3.07,2.30,2.69,3.15,0.31,3.23,7.60,7.53,6.99,1.69,8.68,4.07,8.52,3.53,1.00,0.84,1.54,7.22,231.09,11.29,14.13,12.90,9.75,16.13,14.82,14.13,14.13,14.82,14.36,13.67,14.05,15.59,13.59,9.60,11.37,16.74}
{0.36,6.57,0.97,0.45,0.71,4.25,0.61,0.52,0.36,0.09,10.31,1.06}
{Inf,-59.97,-65.36,-59.64,-69.85,-67.14,-69.94,-68.53,-71.04,-64.37,-68.47,-69.61,-63.87,Inf,-62.90,-66.66,-57.89,-55.15,-68.64,-66.22,-65.75,-65.90,-64.07,-68.63,Inf,-71.21,-68.45,-62.96,-68.77,-67.33,-68.06,-65.19,-70.49,-71.08,-58.21,-59.25,-63.43,Inf,-68.38,-69.06,-68.97,-71.41,-69.31,-69.79,-63.09,-69.06,-68.64,-58.05,-56.73,-55.39,-51.46,-62.97,-66.28,-60.02,-64.29,-71.17,-68.40,Inf,-71.02,-59.30,-64.38,-71.03,-66.15,-51.25,-58.12,-66.56,-59.77,-69.28,-71.01,-66.18,-68.76,-65.39,Inf,-63.50,-63.12,-56.91,-66.87,-52.91,-63.89,-64.14,-63.01,-69.82,-68.03,-58.80,-50.70,-65.03,-69.85,-66.76,-63.65,-69.00,Inf,-70.57,-64.90,-69.14,-60.14,-68.35,-70.85,-68.10,-69.32,-69.64,-63.73,-66.22,-68.93,-69.66,-69.86,-62.64,Inf,-69.99,-68.30,-66.69,-50.60,-69.05,-70.43,-63.09,-61.73,-70.26,-64.88,-70.73,-64.47,-65.84,-57.15,-69.94,-71.09,-66.97,-68.45,-70.50,Inf,-65.22,-59.73,-71.32,-62.92,-71.08,-69.36,-61.75,-69.81,-69.56,-65.88,Inf,-69.91,-67.88,-70.36,-68.22,-67.67,-69.45,-71.05,-58.89,-64.21,-65.43,-68.83,-68.47,-71.06,Inf,-66.27,-70.43,-70.73,-64.03,-70.68,-62.93,-62.76,-51.63,-61.34,-68.26,-58.02,-66.22,-54.76,-69.11,-68.22,-70.32,-67.53,-66.73,Inf,-67.13,-69.38,-67.11,-66.69,-57.16,-66.46,-68.33,-65.60,-45.64,-66.32,-69.76,-69.56,-66.44,-63.94,-67.63,-60.87,-58.88}
{Inf,-82.24,-101.93,-119.03,-81.17,-90.27,-105.74,-121.45,-100.20,-104.62,-115.08,-128.01;
-82.24,Inf,-82.24,-101.93,-90.27,-81.17,-90.27,-105.74,-104.62,-100.20,-104.62,-115.08;
-101.93,-82.24,Inf,-82.24,-105.74,-90.27,-81.17,-90.27,-115.08,-104.62,-100.20,-104.62;
-119.03,-101.93,-82.24,Inf,-121.45,-105.74,-90.27,-81.17,-128.01,-115.08,-104.62,-100.20;
-81.17,-90.27,-105.74,-121.45,Inf,-82.24,-101.93,-119.03,-81.17,-90.27,-105.74,-121.45;
-90.27,-81.17,-90.27,-105.74,-82.24,Inf,-82.24,-101.93,-90.27,-81.17,-90.27,-105.74;
-105.74,-90.27,-81.17,-90.27,-101.93,-82.24,Inf,-82.24,-105.74,-90.27,-81.17,-90.27;
-121.45,-105.74,-90.27,-81.17,-119.03,-101.93,-82.24,Inf,-121.45,-105.74,-90.27,-81.17;
-100.20,-104.62,-115.08,-128.01,-81.17,-90.27,-105.74,-121.45,Inf,-82.24,-101.93,-119.03;
-104.62,-100.20,-104.62,-115.08,-90.27,-81.17,-90.27,-105.74,-82.24,Inf,-82.24,-101.93;
-115.08,-104.62,-100.20,-104.62,-105.74,-90.27,-81.17,-90.27,-101.93,-82.24,Inf,-82.24;
-128.01,-115.08,-104.62,-100.20,-121.45,-105.74,-90.27,-81.17,-119.03,-101.93,-82.24,Inf}
 KOMONDOR SIMULATION 'sim_input_nodes_sce1b_deployment_10.csv' (seed 1992)
{169.80,22.04,3.84,20.43,20.66,6.07,19.43,20.43,14.52,20.58,21.81,83.87,0.38,7.30,0.23,9.68,3.07,7.91,12.75,2.23,2.84,11.67,9.29,6.76,9.75,76.49,2.69,5.22,1.23,5.68,0.46,0.08,6.45,8.29,3.30,2.46,4.92,0.92,2.00,3.07,7.45,1.31,6.84,8.83,5.30,181.48,14.52,11.90,13.90,14.44,11.52,16.13,11.98,2.23,12.98,11.60,3.84,11.67,3.84,11.90,11.52,7.83,9.68,41.63,2.53,3.23,3.23,2.69,2.30,1.00,2.92,3.30,0.46,3.07,2.84,2.15,1.15,1.54,0.69,0.84,2.07,3.53,2.07,62.59,8.45,3.00,6.53,7.37,1.15,8.37,3.00,4.07,4.84,0.31,7.99,1.61,5.91,63.90,4.22,1.77,1.92,0.31,5.22,0.08,0.92,7.76,3.15,0.08,5.30,6.53,6.07,5.91,1.61,4.61,3.99,1.84,0.38,2.23,44.31,3.84,3.84,3.07,0.15,1.46,2.46,1.23,3.23,3.53,1.23,3.38,2.00,4.53,4.61,1.84,3.07,0.46,0.38,165.50,18.51,20.12,6.84,14.21,18.74,18.89,8.52,21.35,17.74,18.59,0.77,1.23,66.74,3.15,9.22,8.52,4.68,7.83,8.29,2.38,2.23,3.61,2.76,8.37,2.69,3.00,73.11,0.77,5.68,0.38,5.07,8.76,3.99,1.15,2.23,6.76,0.92,2.84,7.07,2.76,6.91,6.68,7.30,1.54,0.84,1.46,180.25,16.05,18.28,21.96,8.45,15.67,14.75,22.20,0.61,22.35,15.59,24.35}
{1.70,3.79,2.54,2.15,0.54,1.60,2.60,1.68,0.36,7.28,0.73,1.64}
{Inf,-62.24,-71.45,-59.56,-67.36,-65.22,-71.40,-70.19,-67.68,-60.48,-69.77,Inf,-70.03,-62.01,-70.95,-64.28,-68.05,-64.76,-59.94,-70.84,-68.63,-62.32,-64.78,-70.74,-59.66,Inf,-70.42,-66.32,-68.96,-59.96,-70.18,-70.32,-52.93,-56.39,-68.15,-64.43,-62.98,-68.76,-67.86,-66.48,-59.79,-69.13,-63.93,-56.14,-65.72,Inf,-68.20,-69.18,-61.64,-62.89,-58.70,-60.07,-52.99,-69.20,-59.80,-68.10,-69.60,-48.22,-71.20,-53.26,-68.71,-70.77,-66.10,Inf,-68.21,-68.89,-70.19,-69.96,-70.47,-70.74,-69.33,-66.07,-69.34,-68.67,-57.53,-68.33,-65.64,-71.10,-68.91,-68.72,-65.11,-60.61,-64.38,Inf,-52.45,-67.62,-62.40,-61.74,-68.85,-60.61,-67.17,-65.68,-63.30,-69.71,-61.55,-69.38,-65.06,Inf,-63.53,-65.57,-65.34,-69.24,-61.43,-70.82,-71.04,-58.75,-63.38,-71.16,-60.99,-57.56,-54.89,-59.85,-67.29,-62.49,-62.88,-66.84,-69.62,-68.85,Inf,-63.37,-47.12,-63.40,-71.03,-70.65,-70.43,-70.33,-62.43,-71.26,-67.79,-70.13,-69.85,-59.21,-57.10,-65.57,-64.35,-69.19,-70.46,Inf,-63.29,-63.77,-70.54,-67.79,-69.33,-67.14,-66.22,-63.52,-63.50,-68.61,-70.72,-71.28,Inf,-69.72,-62.28,-63.51,-68.40,-64.42,-63.13,-69.51,-70.86,-70.39,-70.11,-62.28,-69.21,-68.37,Inf,-69.30,-63.15,-71.18,-63.99,-55.57,-67.29,-69.26,-67.97,-60.75,-68.13,-65.66,-64.22,-71.23,-59.36,-59.89,-65.75,-71.21,-69.34,-69.98,Inf,-59.17,-50.84,-69.61,-67.16,-66.64,-69.54,-63.51,-71.13,-59.88,-68.92,-60.56}
{Inf,-82.24,-101.93,-119.03,-81.17,-90.27,-105.74,-121.45,-100.20,-104.62,-115.08,-128.01;
-82.24,Inf,-82.24,-101.93,-90.27,-81.17,-90.27,-105.74,-104.62,-100.20,-104.62,-115.08;
-101.93,-82.24,Inf,-82.24,-105.74,-90.27,-81.17,-90.27,-115.08,-104.62,-100.20,-104.62;
-119.03,-101.93,-82.24,Inf,-121.45,-105.74,-90.27,-81.17,-128.01,-115.08,-104.62,-100.20;
-81.17,-90.27,-105.74,-121.45,Inf,-82.24,-101.93,-119.03,-81.17,-90.27,-105.74,-121.45;
-90.27,-81.17,-90.27,-105.74,-82.24,Inf,-82.24,-101.93,-90.27,-81.17,-90.27,-105.74;
-105.74,-90.27,-81.17,-90.27,-101.93,-82.24,Inf,-82.24,-105.74,-90.27,-81.17,-90.27;
-121.45,-105.74,-90.27,-81.17,-119.03,-101.93,-82.24,Inf,-121.45,-105.74,-90.27,-81.17;
-100.20,-104.62,-115.08,-128.01,-81.17,-90.27,-105.74,-121.45,Inf,-82.24,-101.93,-119.03;
-104.62,-100.20,-104.62,-115.08,-90.27,-81.17,-90.27,-105.74,-82.24,Inf,-82.24,-101.93;
-115.08,-104.62,-100.20,-104.62,-105.74,-90.27,-81.17,-90.27,-101.93,-82.24,Inf,-82.24;
-128.01,-115.08,-104.62,-100.20,-121.45,-105.74,-90.27,-81.17,-119.03,-101.93,-82.24,Inf}
 KOMONDOR SIMULATION 'sim_input_nodes_sce1b_deployment_11.csv' (seed 1992)
